pos	char	qual	count
0	A	12	41
0	A	13	159
0	A	14	282
0	A	15	712
0	A	16	124
0	A	17	1
0	A	24	165
0	A	25	149
0	A	26	186
0	A	27	123
0	A	28	62
0	A	29	13
0	A	30	56
0	A	31	24
0	A	32	121
0	A	33	925
0	A	34	503
0	A	35	343
0	A	36	405
0	A	37	3716
0	A	38	4812
0	A	39	8146
0	C	14	3
0	G	13	1
0	G	14	1
0	G	15	2
0	G	33	2
0	G	39	2
0	T	12	6
0	T	13	1
0	T	14	3
0	T	15	8
0	T	26	1
1	A	12	3
1	A	13	1
1	A	14	20
1	A	15	11
1	A	16	1
1	C	15	3
1	G	12	38
1	G	13	214
1	G	14	687
1	G	15	1089
1	G	16	178
1	G	24	208
1	G	25	157
1	G	26	138
1	G	27	143
1	G	28	35
1	G	29	16
1	G	30	66
1	G	31	11
1	G	32	126
1	G	33	1165
1	G	34	538
1	G	35	424
1	G	36	485
1	G	37	3731
1	G	38	4703
1	G	39	6878
1	T	14	9
1	T	15	20
2	A	12	23
2	A	13	235
2	A	14	496
2	A	15	897
2	A	16	114
2	A	24	243
2	A	25	143
2	A	26	229
2	A	27	136
2	A	28	43
2	A	29	12
2	A	30	36
2	A	31	8
2	A	32	134
2	A	33	921
2	A	34	565
2	A	35	245
2	A	36	592
2	A	37	3698
2	A	38	5086
2	A	39	7205
2	C	14	3
2	C	15	2
2	C	33	1
2	G	13	1
2	G	14	2
2	G	15	1
2	G	38	1
2	G	39	2
2	T	14	12
2	T	15	10
2	T	33	1
2	T	34	1
3	A	12	4
3	A	13	9
3	A	14	13
3	A	15	8
3	A	16	1
3	A	26	1
3	A	39	1
3	C	12	2
3	C	13	3
3	C	14	12
3	C	15	4
3	C	24	1
3	C	25	2
3	C	39	1
3	G	13	5
3	G	14	4
3	G	15	8
3	T	12	2
3	T	13	16
3	T	14	406
3	T	15	981
3	T	16	147
3	T	17	1
3	T	24	282
3	T	25	186
3	T	26	334
3	T	27	126
3	T	28	60
3	T	29	13
3	T	30	3
3	T	31	3
3	T	32	9
3	T	33	1012
3	T	34	508
3	T	35	349
3	T	36	255
3	T	37	3615
3	T	38	4596
3	T	39	8115
4	A	15	9
4	A	16	2
4	C	12	5
4	C	13	13
4	C	14	497
4	C	15	964
4	C	16	126
4	C	24	272
4	C	25	167
4	C	26	249
4	C	27	130
4	C	28	71
4	C	29	12
4	C	30	3
4	C	32	1
4	C	33	1103
4	C	34	494
4	C	35	286
4	C	36	248
4	C	37	3801
4	C	38	4637
4	C	39	7955
4	G	14	1
4	G	15	5
4	G	16	2
4	G	24	1
4	G	25	1
4	T	14	14
4	T	15	15
4	T	33	2
4	T	35	1
4	T	37	1
4	T	38	6
4	T	39	4
5	A	14	1
5	A	15	1
5	A	16	1
5	C	14	1
5	C	15	2
5	C	34	1
5	C	37	2
5	C	38	2
5	G	12	112
5	G	13	1656
5	G	14	25
5	G	15	10
5	G	16	2
5	G	24	320
5	G	25	222
5	G	26	184
5	G	27	171
5	G	28	6
5	G	29	9
5	G	30	266
5	G	31	3
5	G	32	1071
5	G	33	12
5	G	34	821
5	G	35	3
5	G	36	2975
5	G	37	1726
5	G	38	4597
5	G	39	6860
5	T	14	6
5	T	15	18
5	T	16	3
5	T	37	1
5	T	38	3
5	T	39	5
6	A	12	4
6	A	13	14
6	A	24	1
6	A	30	1
6	A	35	3
6	A	38	8
6	C	13	4
6	C	36	1
6	C	38	1
6	G	12	162
6	G	13	2049
6	G	14	27
6	G	15	11
6	G	16	2
6	G	24	278
6	G	25	181
6	G	26	145
6	G	27	142
6	G	28	6
6	G	29	10
6	G	30	949
6	G	31	8
6	G	32	1201
6	G	33	428
6	G	34	892
6	G	35	2564
6	G	36	549
6	G	37	2094
6	G	38	9328
6	G	39	7
6	T	12	2
6	T	13	3
6	T	14	13
6	T	15	2
6	T	34	1
6	T	37	2
6	T	38	3
6	T	39	2
7	A	12	111
7	A	13	2867
7	A	14	34
7	A	15	20
7	A	16	4
7	A	24	386
7	A	25	294
7	A	26	255
7	A	27	246
7	A	28	11
7	A	29	19
7	A	30	891
7	A	31	3
7	A	32	1673
7	A	33	234
7	A	34	826
7	A	35	2833
7	A	36	1093
7	A	37	1511
7	A	38	4901
7	A	39	7
7	C	12	24
7	C	13	2
7	G	12	68
7	G	13	2
7	G	14	1
7	G	15	1
7	G	37	1
7	T	12	6
7	T	13	48
7	T	14	2
7	T	15	4
7	T	24	4
7	T	35	1
7	T	36	1
8	A	12	113
8	A	13	1742
8	A	14	16
8	A	15	14
8	A	16	1
8	A	24	361
8	A	25	278
8	A	26	275
8	A	27	268
8	A	28	17
8	A	29	12
8	A	30	327
8	A	31	5
8	A	32	950
8	A	33	7
8	A	34	1006
8	A	35	2
8	A	36	3578
8	A	37	1585
8	A	38	5153
8	A	39	11
8	C	12	7
8	G	12	17
8	G	13	2
8	G	26	1
8	G	30	2
8	G	31	2
8	G	32	2
8	G	34	2
8	G	35	1
8	G	36	2
8	G	38	7
8	T	13	13
8	T	14	1
8	T	24	1
8	T	26	1
8	T	32	1
8	T	38	1
9	A	12	28
9	A	13	3
9	A	14	1
9	A	24	3
9	A	26	1
9	A	27	1
9	A	28	1
9	A	30	1
9	A	32	5
9	A	34	1
9	A	35	2
9	A	36	1
9	A	37	4
9	A	38	13
9	C	12	2
9	C	27	1
9	C	31	1
9	C	34	3
9	C	37	1
9	C	38	3
9	G	12	117
9	G	13	1398
9	G	14	19
9	G	15	7
9	G	16	3
9	G	24	277
9	G	25	172
9	G	26	126
9	G	27	127
9	G	28	4
9	G	29	6
9	G	30	473
9	G	31	4
9	G	32	1030
9	G	33	171
9	G	34	458
9	G	35	2027
9	G	36	596
9	G	37	1290
9	G	38	4877
9	G	39	6
9	T	12	3
9	T	13	5
9	T	27	1
9	T	36	3
9	T	38	1
10	A	12	60
10	A	13	2313
10	A	14	21
10	A	15	81
10	A	16	2
10	A	24	175
10	A	25	197
10	A	26	105
10	A	27	121
10	A	28	5
10	A	29	3
10	A	30	245
10	A	32	645
10	A	33	9
10	A	34	461
10	A	35	5
10	A	36	158
10	A	37	1885
10	A	38	1964
10	A	39	2140
10	C	12	1
10	C	13	12
10	C	14	1
10	C	15	1
10	C	24	1
10	C	37	1
10	G	12	15
10	G	13	153
10	G	14	3
10	G	24	2
10	G	25	2
10	G	26	1
10	G	30	1
10	G	32	5
10	G	34	2
10	G	35	4
10	G	37	7
10	G	38	8
10	G	39	6
10	T	14	4
10	T	15	11
10	T	24	1
10	T	34	1
11	A	13	1
11	A	14	1
11	A	34	1
11	A	37	1
11	A	38	1
11	C	12	1
11	C	13	1
11	C	14	7
11	C	15	1
11	C	25	1
11	C	30	1
11	C	33	1
11	C	34	2
11	C	36	3
11	C	37	7
11	C	38	3
11	C	39	7
11	G	12	45
11	G	13	690
11	G	14	16
11	G	15	33
11	G	16	1
11	G	24	170
11	G	25	151
11	G	26	125
11	G	27	72
11	G	28	1
11	G	29	5
11	G	30	148
11	G	32	452
11	G	33	9
11	G	34	361
11	G	35	1
11	G	36	108
11	G	37	2028
11	G	38	1983
11	G	39	2034
11	T	12	1
11	T	14	5
11	T	15	6
11	T	33	1
11	T	34	1
11	T	39	1
12	A	13	1
12	A	14	1
12	A	15	1
12	A	27	1
12	C	12	46
12	C	13	219
12	C	14	1032
12	C	15	51
12	C	24	103
12	C	25	68
12	C	26	22
12	C	27	29
12	C	28	1
12	C	29	1
12	C	30	1
12	C	31	1
12	C	32	2
12	C	33	712
12	C	34	242
12	C	35	1
12	C	36	212
12	C	37	1149
12	C	38	1052
12	C	39	1074
12	G	12	12
12	G	13	89
12	G	14	1
12	G	24	2
12	G	28	1
12	G	30	1
12	G	31	1
12	G	32	3
12	G	33	2
12	G	34	2
12	G	37	2
12	G	38	11
12	G	39	2
12	T	14	1
12	T	15	1
12	T	27	1
12	T	34	1
12	T	38	1
12	T	39	2
13	A	12	1
13	C	13	1
13	C	33	2
13	C	37	2
13	C	39	3
13	G	12	190
13	G	13	9
13	G	15	1
13	G	24	70
13	G	25	47
13	G	26	84
13	G	27	29
13	G	28	28
13	G	29	18
13	G	30	118
13	G	31	270
13	G	32	157
13	G	33	140
13	G	34	370
13	G	35	154
13	G	36	13
13	G	37	442
13	G	38	1946
13	T	25	2
13	T	33	1
13	T	36	2
13	T	37	2
13	T	38	2
13	T	39	3
14	C	38	1
14	C	39	2
14	G	12	206
14	G	13	3
14	G	24	27
14	G	25	10
14	G	26	37
14	G	27	10
14	G	28	15
14	G	29	9
14	G	30	88
14	G	31	129
14	G	32	135
14	G	33	81
14	G	34	213
14	G	35	61
14	G	36	11
14	G	37	301
14	G	38	1135
14	T	12	1
14	T	13	7
14	T	14	1
14	T	24	5
14	T	25	3
14	T	26	2
14	T	27	4
14	T	30	2
14	T	32	8
14	T	33	1
14	T	34	3
14	T	35	6
14	T	36	4
14	T	38	5
14	T	39	1
15	A	12	5
15	A	24	1
15	A	39	1
15	C	12	7
15	C	13	1
15	C	24	2
15	C	36	1
15	C	37	1
15	C	38	3
15	C	39	2
15	G	12	34
15	G	30	1
15	G	37	1
15	T	12	12
15	T	13	381
15	T	14	1
15	T	15	1
15	T	24	98
15	T	25	117
15	T	26	119
15	T	27	53
15	T	28	2
15	T	30	11
15	T	32	169
15	T	33	7
15	T	34	106
15	T	35	99
15	T	36	86
15	T	37	29
15	T	38	55
16	A	12	1
16	A	13	1
16	A	32	2
16	A	35	1
16	A	37	1
16	A	38	1
16	A	39	1
16	C	12	7
16	C	14	1
16	C	26	3
16	C	31	2
16	C	32	3
16	C	33	1
16	C	34	1
16	C	35	1
16	C	36	1
16	C	37	2
16	C	38	4
16	G	12	4
16	G	39	1
16	T	12	144
16	T	13	2
16	T	24	29
16	T	25	27
16	T	26	42
16	T	27	14
16	T	28	8
16	T	29	7
16	T	30	44
16	T	31	66
16	T	32	44
16	T	33	30
16	T	34	52
16	T	35	25
16	T	36	5
16	T	37	41
16	T	38	51
17	A	12	6
17	A	13	3
17	A	14	1
17	A	24	1
17	A	32	1
17	A	33	1
17	A	34	1
17	A	35	2
17	A	37	1
17	C	12	10
17	C	13	53
17	C	14	1
17	C	24	17
17	C	25	7
17	C	26	17
17	C	27	2
17	C	30	4
17	C	31	1
17	C	32	27
17	C	33	3
17	C	34	19
17	C	36	58
17	C	37	25
17	C	38	57
17	C	39	1
17	G	13	1
17	G	32	1
17	G	37	1
17	G	38	1
17	G	39	1
17	T	13	1
17	T	24	1
18	A	13	3
18	A	14	30
18	A	15	25
18	A	24	5
18	A	25	5
18	A	26	8
18	A	27	1
18	A	33	29
18	A	34	2
18	A	36	2
18	A	37	23
18	A	38	15
18	A	39	4
18	C	13	2
18	C	14	4
18	C	36	2
18	C	38	1
18	C	39	1
18	G	12	2
18	G	14	2
18	G	37	3
18	G	38	1
18	T	14	1
19	A	14	3
19	A	15	1
19	A	34	1
19	C	14	1
19	C	15	1
19	C	24	1
19	C	33	1
19	C	37	1
19	G	12	3
19	G	13	2
19	G	14	19
19	G	15	13
19	G	16	1
19	G	24	7
19	G	25	2
19	G	26	1
19	G	33	14
19	G	34	3
19	G	37	15
19	G	38	10
19	G	39	3
19	T	14	1
20	A	13	1
20	A	14	3
20	A	33	1
20	A	37	1
20	C	12	2
20	C	13	2
20	C	14	12
20	C	15	10
20	C	24	6
20	C	25	1
20	C	26	2
20	C	33	11
20	C	36	2
20	C	37	7
20	C	38	6
20	G	13	1
21	A	12	3
21	A	13	1
21	A	14	13
21	A	15	6
21	A	24	1
21	A	26	2
21	A	33	1
21	A	34	1
21	A	37	5
21	A	38	1
21	C	13	1
21	C	14	1
21	G	12	2
21	G	13	1
21	G	14	2
21	G	32	1
21	G	37	1
22	G	12	3
22	G	13	4
22	G	14	1
22	G	24	5
22	G	25	3
22	G	26	3
22	G	32	5
22	G	36	1
22	G	37	8
22	G	38	2
23	A	12	1
23	A	13	1
23	A	14	1
23	A	37	1
23	G	12	5
23	G	13	9
23	G	24	1
23	G	25	1
23	G	26	1
23	G	30	1
23	G	32	3
23	G	36	4
23	G	37	2
23	T	13	1
24	A	12	2
24	A	13	10
24	A	14	1
24	A	24	3
24	A	25	1
24	A	32	3
24	A	33	1
24	A	34	1
24	A	36	2
24	A	37	1
24	C	13	2
24	G	12	1
25	A	13	2
25	A	14	1
25	A	24	3
25	A	25	2
25	A	26	1
25	A	33	4
25	A	37	6
25	C	13	1
25	G	12	1
25	T	14	1
25	T	25	1
26	A	13	2
26	A	14	1
26	G	13	3
26	G	14	2
26	T	14	7
26	T	15	1
26	T	24	1
26	T	26	1
26	T	33	1
26	T	37	1
26	T	38	1
27	A	14	1
27	C	14	1
27	C	33	1
27	G	12	1
27	G	13	3
27	G	14	6
27	G	15	1
27	G	24	1
27	G	26	1
27	G	33	1
27	G	37	1
28	A	14	1
28	C	13	3
28	C	14	4
28	C	24	3
28	C	25	1
28	C	33	2
28	C	37	3
29	A	14	1
29	C	13	2
29	C	14	2
29	C	24	2
29	C	26	1
29	C	33	2
29	C	37	2
29	G	12	2
29	G	29	1
29	T	14	1
30	A	12	1
30	C	12	1
30	G	12	7
30	G	14	2
30	G	24	1
30	G	26	2
30	G	29	1
30	G	31	1
31	A	12	7
31	A	14	2
31	A	24	2
31	A	25	2
31	G	12	3
32	A	12	2
32	A	26	1
32	C	13	1
32	C	14	1
32	G	12	5
32	G	24	2
32	G	26	1
32	G	34	1
33	A	12	7
33	A	14	2
33	A	31	1
33	C	12	1
33	C	32	1
34	C	12	1
34	C	13	3
34	C	14	1
34	C	24	1
34	C	26	2
34	C	32	1
34	C	36	1
34	C	37	1
35	A	13	1
35	C	13	2
35	C	32	2
35	C	36	3
35	G	12	1
35	G	33	1
36	A	12	1
36	A	24	1
36	G	12	2
36	G	26	1
36	G	31	1
36	G	32	1
36	G	34	1
37	A	12	4
37	A	33	1
37	C	12	2
37	T	12	1
38	C	12	3
38	T	24	2
38	T	25	1
38	T	33	1
39	C	12	3
39	C	31	1
39	T	13	2
40	C	13	1
40	C	14	1
40	C	24	1
40	T	13	2
40	T	32	1
41	A	14	1
41	C	14	1
41	C	15	1
41	C	24	1
41	T	14	2
42	C	14	2
42	C	25	1
42	T	14	2
42	T	25	1
43	C	13	1
43	C	14	2
43	C	15	1
43	G	13	1
43	G	24	1
44	A	14	2
44	G	13	3
45	A	14	2
45	A	15	1
45	A	25	1
45	A	33	1
46	A	14	2
46	G	32	1
46	G	36	1
47	G	13	2
47	G	25	1
47	G	32	1
48	G	13	1
48	G	35	1
48	T	13	1
49	A	13	1
49	G	14	1
50	A	14	1
50	T	24	1
51	C	13	1
51	T	14	1
52	C	26	1
52	T	26	1
53	C	14	1
53	T	24	1
54	C	33	1
54	G	32	1
55	G	13	1
55	T	13	1
56	A	32	1
56	G	13	1
57	A	13	1
57	T	24	1
58	G	14	1
58	T	13	1
59	C	14	1
59	G	24	1
60	C	25	1
61	C	14	1
62	G	12	1
63	C	12	1
64	C	12	1
