position	quality	count
0	16	1024
0	18	475
0	29	173
0	30	11
0	31	2
0	32	429
0	33	394
0	34	218
0	35	36
0	36	4
1	16	1296
1	18	857
1	29	131
1	30	20
1	31	4
1	32	268
1	33	264
1	34	143
1	35	21
1	36	1
2	16	1277
2	18	807
2	29	70
2	30	22
2	31	9
2	32	213
2	33	245
2	34	112
2	35	17
2	36	5
3	16	897
3	18	411
3	29	54
3	30	31
3	31	4
3	32	175
3	33	149
3	34	105
3	35	24
3	36	2
4	16	1087
4	18	340
4	29	35
4	30	22
4	31	2
4	32	141
4	33	158
4	34	95
4	35	22
4	36	3
5	12	1
5	13	3
5	14	23
5	15	20
5	16	672
5	17	24
5	18	548
5	19	107
5	20	172
5	21	1
5	24	1
5	27	1
5	29	10
5	30	7
5	31	23
5	32	19
5	33	76
5	34	9
5	35	51
5	36	5
5	37	383
5	38	21
5	39	38
6	12	3
6	14	10
6	15	18
6	16	619
6	17	23
6	18	643
6	19	107
6	20	230
6	21	1
6	27	2
6	29	8
6	30	6
6	31	28
6	32	15
6	33	48
6	34	16
6	35	41
6	36	1
6	37	299
6	38	23
6	39	21
7	12	1
7	13	3
7	14	16
7	15	18
7	16	676
7	17	28
7	18	574
7	19	95
7	20	211
7	24	1
7	27	1
7	29	5
7	30	5
7	31	21
7	32	11
7	33	45
7	34	7
7	35	35
7	36	5
7	37	301
7	38	13
7	39	26
8	12	2
8	13	1
8	14	8
8	15	31
8	16	672
8	17	38
8	18	557
8	19	111
8	20	178
8	24	1
8	27	2
8	28	1
8	29	14
8	30	7
8	31	27
8	32	10
8	33	55
8	34	16
8	35	34
8	36	3
8	37	280
8	38	14
8	39	28
9	13	3
9	14	14
9	15	28
9	16	687
9	17	48
9	18	638
9	19	120
9	20	281
9	21	1
9	26	1
9	27	3
9	29	13
9	30	3
9	31	26
9	32	14
9	33	49
9	34	9
9	35	26
9	36	4
9	37	261
9	38	15
9	39	21
10	12	2
10	13	3
10	14	14
10	15	34
10	16	697
10	17	52
10	18	578
10	19	99
10	20	201
10	24	1
10	25	1
10	27	1
10	29	11
10	30	5
10	31	25
10	32	12
10	33	61
10	34	16
10	35	42
10	36	3
10	37	260
10	38	17
10	39	29
11	12	1
11	13	2
11	14	11
11	15	35
11	16	695
11	17	59
11	18	639
11	19	148
11	20	280
11	24	3
11	26	1
11	27	1
11	29	9
11	30	8
11	31	30
11	32	18
11	33	62
11	34	12
11	35	28
11	36	9
11	37	239
11	38	22
11	39	42
12	12	1
12	13	3
12	14	24
12	15	27
12	16	729
12	17	50
12	18	574
12	19	117
12	20	148
12	21	77
12	24	1
12	27	1
12	29	2
12	30	3
12	31	1
12	32	38
12	33	31
12	34	5
12	35	15
12	36	19
12	37	61
12	38	202
12	39	45
13	12	1
13	13	2
13	14	25
13	15	34
13	16	733
13	17	83
13	18	533
13	19	125
13	20	156
13	21	95
13	27	1
13	29	4
13	30	5
13	32	52
13	33	44
13	34	13
13	35	14
13	36	22
13	37	52
13	38	226
13	39	28
14	12	2
14	13	4
14	14	19
14	15	42
14	16	668
14	17	65
14	18	586
14	19	94
14	20	153
14	21	94
14	24	3
14	25	1
14	27	3
14	29	2
14	32	26
14	33	45
14	34	5
14	35	13
14	36	16
14	37	61
14	38	213
14	39	37
15	12	5
15	13	6
15	14	19
15	15	57
15	16	702
15	17	64
15	18	585
15	19	108
15	20	152
15	21	90
15	24	3
15	26	1
15	27	3
15	29	2
15	30	6
15	31	2
15	32	47
15	33	43
15	34	7
15	35	11
15	36	17
15	37	57
15	38	215
15	39	29
16	12	5
16	13	3
16	14	23
16	15	69
16	16	644
16	17	61
16	18	634
16	19	134
16	20	190
16	21	106
16	24	1
16	27	4
16	29	2
16	30	4
16	31	1
16	32	41
16	33	72
16	34	6
16	35	11
16	36	8
16	37	73
16	38	269
16	39	19
17	12	5
17	14	40
17	15	61
17	16	720
17	17	69
17	18	601
17	19	132
17	20	138
17	21	95
17	25	3
17	26	2
17	27	7
17	30	1
17	31	2
17	32	62
17	33	79
17	34	13
17	35	14
17	36	16
17	37	61
17	38	329
17	39	27
18	12	3
18	13	1
18	14	30
18	15	84
18	16	628
18	17	66
18	18	488
18	19	97
18	20	99
18	21	45
18	24	1
18	27	1
18	29	1
18	30	4
18	31	1
18	32	48
18	33	81
18	34	12
18	35	13
18	36	23
18	37	71
18	38	240
18	39	17
19	12	4
19	13	3
19	14	28
19	15	69
19	16	617
19	17	66
19	18	575
19	19	101
19	20	146
19	21	88
19	24	1
19	27	4
19	29	2
19	30	11
19	31	1
19	32	66
19	33	64
19	34	15
19	35	14
19	36	14
19	37	70
19	38	323
19	39	20
20	12	3
20	13	4
20	14	52
20	15	95
20	16	644
20	17	86
20	18	561
20	19	107
20	20	150
20	21	89
20	26	2
20	27	1
20	28	2
20	29	1
20	30	9
20	32	42
20	33	60
20	34	12
20	35	17
20	36	17
20	37	60
20	38	270
20	39	28
21	12	5
21	13	2
21	14	54
21	15	117
21	16	645
21	17	79
21	18	454
21	19	96
21	20	138
21	21	55
21	24	1
21	25	1
21	26	2
21	27	3
21	29	2
21	30	4
21	31	1
21	32	46
21	33	66
21	34	18
21	35	9
21	36	21
21	37	67
21	38	290
21	39	13
22	12	2
22	13	1
22	14	58
22	15	131
22	16	724
22	17	106
22	18	515
22	19	114
22	20	162
22	21	49
22	24	1
22	25	1
22	26	4
22	27	5
22	28	1
22	29	3
22	30	4
22	31	2
22	32	47
22	33	55
22	34	7
22	35	19
22	36	10
22	37	50
22	38	66
22	39	221
23	12	3
23	13	3
23	14	55
23	15	146
23	16	538
23	17	79
23	18	492
23	19	99
23	20	145
23	21	64
23	24	1
23	26	1
23	29	5
23	30	6
23	31	2
23	32	39
23	33	30
23	34	8
23	35	20
23	36	9
23	37	42
23	38	65
23	39	189
24	12	1
24	13	3
24	14	69
24	15	213
24	16	524
24	17	81
24	18	471
24	19	118
24	20	130
24	21	66
24	24	1
24	27	3
24	29	4
24	30	2
24	31	1
24	32	38
24	33	42
24	34	15
24	35	27
24	36	19
24	37	39
24	38	57
24	39	177
25	12	4
25	13	3
25	14	77
25	15	388
25	16	969
25	17	210
25	18	1121
25	19	229
25	20	316
25	21	121
25	25	1
25	26	1
25	27	1
25	28	1
25	29	3
25	30	7
25	31	3
25	32	43
25	33	38
25	34	17
25	35	19
25	36	10
25	37	55
25	38	66
25	39	190
26	12	6
26	13	3
26	14	82
26	15	430
26	16	890
26	17	195
26	18	878
26	19	212
26	20	296
26	21	97
26	25	1
26	26	1
26	27	7
26	28	3
26	29	4
26	30	7
26	31	4
26	32	56
26	33	31
26	34	12
26	35	18
26	36	14
26	37	58
26	38	59
26	39	175
27	12	2
27	13	1
27	14	70
27	15	484
27	16	790
27	17	206
27	18	963
27	19	259
27	20	303
27	21	124
27	24	2
27	26	1
27	27	2
27	29	3
27	30	1
27	31	4
27	32	40
27	33	32
27	34	9
27	35	21
27	36	10
27	37	62
27	38	61
27	39	171
28	12	2
28	13	4
28	14	81
28	15	477
28	16	812
28	17	211
28	18	1018
28	19	229
28	20	274
28	21	126
28	26	2
28	27	2
28	28	1
28	29	4
28	30	8
28	31	5
28	32	40
28	33	37
28	34	5
28	35	17
28	36	17
28	37	48
28	38	62
28	39	151
29	12	5
29	13	5
29	14	119
29	15	493
29	16	711
29	17	220
29	18	873
29	19	189
29	20	260
29	21	94
29	24	3
29	25	1
29	26	1
29	27	3
29	28	1
29	29	6
29	30	7
29	31	4
29	32	43
29	33	31
29	34	8
29	35	17
29	36	10
29	37	41
29	38	58
29	39	191
30	12	7
30	13	3
30	14	116
30	15	504
30	16	793
30	17	259
30	18	936
30	19	174
30	20	291
30	21	108
30	24	2
30	25	2
30	26	2
30	27	1
30	29	8
30	30	7
30	31	4
30	32	36
30	33	30
30	34	10
30	35	23
30	36	14
30	37	45
30	38	58
30	39	176
31	12	3
31	13	7
31	14	135
31	15	454
31	16	684
31	17	253
31	18	814
31	19	168
31	20	265
31	21	107
31	25	1
31	26	1
31	27	4
31	29	5
31	30	6
31	31	6
31	32	37
31	33	28
31	34	13
31	35	14
31	36	8
31	37	56
31	38	63
31	39	170
32	12	6
32	13	7
32	14	136
32	15	502
32	16	756
32	17	328
32	18	905
32	19	203
32	20	345
32	21	123
32	24	1
32	27	5
32	29	7
32	30	8
32	31	4
32	32	34
32	33	43
32	34	7
32	35	25
32	36	17
32	37	54
32	38	63
32	39	195
33	12	7
33	13	6
33	14	106
33	15	474
33	16	704
33	17	328
33	18	871
33	19	221
33	20	316
33	21	128
33	24	1
33	26	2
33	27	2
33	29	3
33	30	7
33	31	5
33	32	31
33	33	33
33	34	14
33	35	32
33	36	11
33	37	38
33	38	60
33	39	162
34	12	8
34	13	3
34	14	125
34	15	510
34	16	825
34	17	399
34	18	929
34	19	180
34	20	355
34	21	136
34	25	1
34	27	6
34	29	7
34	30	9
34	31	3
34	32	46
34	33	33
34	34	10
34	35	18
34	36	17
34	37	64
34	38	88
34	39	177
35	12	2
35	13	8
35	14	158
35	15	534
35	16	713
35	17	400
35	18	728
35	19	158
35	20	282
35	21	98
35	24	2
35	25	1
35	27	3
35	28	1
35	29	4
35	30	7
35	31	4
35	32	44
35	33	41
35	34	15
35	35	18
35	36	21
35	37	49
35	38	70
35	39	163
36	12	6
36	13	5
36	14	160
36	15	511
36	16	799
36	17	476
36	18	861
36	19	171
36	20	344
36	21	96
36	24	1
36	27	1
36	29	5
36	30	10
36	31	3
36	32	28
36	33	29
36	34	10
36	35	24
36	36	20
36	37	63
36	38	80
36	39	163
37	12	9
37	13	4
37	14	159
37	15	521
37	16	878
37	17	600
37	18	897
37	19	146
37	20	409
37	21	112
37	25	1
37	26	1
37	27	7
37	28	1
37	29	2
37	30	12
37	31	3
37	32	42
37	33	31
37	34	14
37	35	31
37	36	12
37	37	54
37	38	81
37	39	161
38	12	12
38	13	5
38	14	182
38	15	450
38	16	818
38	17	600
38	18	738
38	19	107
38	20	367
38	21	89
38	24	2
38	25	2
38	26	2
38	27	8
38	28	1
38	29	2
38	30	5
38	31	1
38	32	63
38	33	44
38	34	8
38	35	22
38	36	17
38	37	53
38	38	65
38	39	150
39	12	10
39	13	6
39	14	169
39	15	435
39	16	798
39	17	595
39	18	709
39	19	99
39	20	355
39	21	68
39	24	1
39	27	6
39	29	4
39	30	4
39	31	4
39	32	41
39	33	33
39	34	11
39	35	10
39	36	15
39	37	57
39	38	59
39	39	161
40	12	16
40	13	5
40	14	192
40	15	473
40	16	828
40	17	656
40	18	584
40	19	79
40	20	380
40	21	74
40	24	1
40	26	2
40	27	4
40	29	2
40	30	9
40	31	3
40	32	36
40	33	34
40	34	6
40	35	25
40	36	17
40	37	54
40	38	59
40	39	182
41	12	20
41	13	9
41	14	172
41	15	480
41	16	863
41	17	788
41	18	611
41	19	65
41	20	354
41	21	71
41	24	1
41	25	1
41	26	1
41	27	7
41	28	2
41	29	6
41	30	8
41	31	2
41	32	36
41	33	36
41	34	8
41	35	33
41	36	19
41	37	44
41	38	68
41	39	156
42	12	19
42	13	8
42	14	200
42	15	458
42	16	830
42	17	846
42	18	509
42	19	47
42	20	357
42	21	50
42	24	1
42	27	7
42	29	8
42	30	6
42	31	6
42	32	49
42	33	29
42	34	15
42	35	14
42	36	17
42	37	52
42	38	60
42	39	165
43	12	20
43	13	5
43	14	224
43	15	433
43	16	822
43	17	887
43	18	450
43	19	23
43	20	390
43	21	43
43	24	1
43	25	2
43	26	1
43	27	10
43	28	2
43	29	5
43	30	10
43	31	5
43	32	43
43	33	29
43	34	13
43	35	13
43	36	18
43	37	45
43	38	48
43	39	159
44	12	19
44	13	5
44	14	226
44	15	443
44	16	937
44	17	1073
44	18	418
44	19	14
44	20	427
44	21	30
44	25	1
44	26	1
44	27	14
44	28	2
44	29	4
44	30	8
44	31	9
44	32	40
44	33	42
44	34	3
44	35	15
44	36	14
44	37	55
44	38	66
44	39	134
45	12	23
45	13	8
45	14	225
45	15	452
45	16	933
45	17	1125
45	18	373
45	19	10
45	20	426
45	21	33
45	24	3
45	27	11
45	28	3
45	29	3
45	30	14
45	31	9
45	32	58
45	33	39
45	34	4
45	35	18
45	36	14
45	37	50
45	38	55
45	39	162
46	12	25
46	13	6
46	14	249
46	15	440
46	16	886
46	17	1154
46	18	346
46	19	2
46	20	463
46	21	27
46	24	2
46	26	1
46	27	11
46	28	4
46	29	6
46	30	12
46	31	6
46	32	38
46	33	40
46	34	10
46	35	19
46	36	20
46	37	51
46	38	58
46	39	165
47	12	28
47	13	12
47	14	276
47	15	396
47	16	874
47	17	1114
47	18	335
47	19	5
47	20	459
47	21	26
47	24	2
47	26	2
47	27	10
47	28	1
47	29	4
47	30	7
47	31	6
47	32	50
47	33	47
47	34	9
47	35	26
47	36	25
47	37	60
47	38	69
47	39	190
48	12	29
48	13	7
48	14	274
48	15	418
48	16	948
48	17	1176
48	18	304
48	19	4
48	20	422
48	21	20
48	24	3
48	25	1
48	26	1
48	27	8
48	28	1
48	29	3
48	30	18
48	31	11
48	32	32
48	33	34
48	34	11
48	35	15
48	36	27
48	37	47
48	38	76
48	39	158
49	12	35
49	13	3
49	14	295
49	15	388
49	16	895
49	17	1087
49	18	321
49	19	3
49	20	443
49	21	22
49	24	1
49	27	5
49	28	1
49	29	6
49	30	5
49	31	6
49	32	36
49	33	39
49	34	9
49	35	17
49	36	18
49	37	42
49	38	60
49	39	152
50	12	35
50	13	12
50	14	302
50	15	396
50	16	969
50	17	1168
50	18	307
50	19	4
50	20	490
50	21	16
50	24	6
50	25	1
50	26	3
50	27	10
50	28	1
50	29	7
50	30	17
50	31	9
50	32	42
50	33	29
50	34	4
50	35	25
50	36	14
50	37	57
50	38	60
50	39	173
51	12	37
51	13	8
51	14	360
51	15	369
51	16	1001
51	17	1106
51	18	322
51	19	2
51	20	426
51	21	10
51	24	1
51	25	1
51	26	1
51	27	13
51	28	1
51	29	12
51	30	10
51	31	12
51	32	38
51	33	35
51	34	5
51	35	19
51	36	22
51	37	44
51	38	49
51	39	147
52	12	44
52	13	12
52	14	368
52	15	391
52	16	1004
52	17	1174
52	18	334
52	19	2
52	20	512
52	25	3
52	26	1
52	27	12
52	28	2
52	29	8
52	30	11
52	31	9
52	32	41
52	33	34
52	34	7
52	35	25
52	36	14
52	37	58
52	38	52
52	39	122
53	12	41
53	13	18
53	14	376
53	15	355
53	16	892
53	17	1077
53	18	312
53	19	1
53	20	451
53	24	3
53	27	4
53	28	3
53	29	2
53	30	9
53	31	4
53	32	41
53	33	29
53	34	6
53	35	23
53	36	12
53	37	41
53	38	44
53	39	119
54	12	36
54	13	11
54	14	396
54	15	342
54	16	894
54	17	1067
54	18	316
54	19	3
54	20	413
54	24	3
54	25	1
54	27	16
54	28	1
54	29	6
54	30	11
54	31	4
54	32	33
54	33	34
54	34	6
54	35	11
54	36	15
54	37	46
54	38	42
54	39	134
55	12	44
55	13	20
55	14	365
55	15	353
55	16	1020
55	17	1200
55	18	336
55	20	527
55	25	1
55	26	2
55	27	6
55	29	3
55	30	8
55	31	5
55	32	62
55	33	36
55	34	10
55	35	21
55	36	18
55	37	44
55	38	49
55	39	163
56	12	42
56	13	19
56	14	410
56	15	327
56	16	1021
56	17	1182
56	18	355
56	19	1
56	20	487
56	24	2
56	25	1
56	26	2
56	27	11
56	28	2
56	29	8
56	30	13
56	31	6
56	32	56
56	33	42
56	34	7
56	35	24
56	36	15
56	37	30
56	38	51
56	39	129
57	12	50
57	13	11
57	14	397
57	15	366
57	16	967
57	17	1152
57	18	208
57	19	106
57	20	539
57	24	2
57	25	1
57	26	2
57	27	11
57	28	3
57	29	5
57	30	15
57	31	7
57	32	45
57	33	37
57	34	7
57	35	28
57	36	16
57	37	51
57	38	51
57	39	134
57	40	7
58	12	45
58	13	28
58	14	423
58	15	363
58	16	1078
58	17	1182
58	18	240
58	19	114
58	20	567
58	24	4
58	25	1
58	26	3
58	27	8
58	28	1
58	29	8
58	30	8
58	31	5
58	32	28
58	33	50
58	34	3
58	35	30
58	36	20
58	37	50
58	38	42
58	39	130
58	40	7
59	12	48
59	13	20
59	14	405
59	15	321
59	16	999
59	17	1065
59	18	204
59	19	96
59	20	484
59	24	2
59	25	2
59	27	14
59	28	1
59	29	2
59	30	14
59	31	13
59	32	31
59	33	37
59	34	7
59	35	20
59	36	19
59	37	36
59	38	49
59	39	122
59	40	9
60	12	63
60	13	25
60	14	430
60	15	357
60	16	1076
60	17	1144
60	18	255
60	19	143
60	20	487
60	24	1
60	25	2
60	27	18
60	28	1
60	29	8
60	30	15
60	31	8
60	32	40
60	33	34
60	34	4
60	35	14
60	36	9
60	37	36
60	38	54
60	39	140
60	40	5
61	12	53
61	13	22
61	14	443
61	15	348
61	16	989
61	17	1042
61	18	228
61	19	113
61	20	487
61	24	5
61	25	2
61	27	18
61	28	1
61	29	7
61	30	15
61	31	9
61	32	29
61	33	34
61	34	10
61	35	14
61	36	23
61	37	56
61	38	58
61	39	145
61	40	6
62	12	57
62	13	24
62	14	394
62	15	344
62	16	984
62	17	1060
62	18	190
62	19	106
62	20	475
62	24	4
62	25	1
62	26	2
62	27	16
62	28	1
62	29	9
62	30	12
62	31	3
62	32	35
62	33	38
62	34	10
62	35	14
62	36	19
62	37	38
62	38	48
62	39	143
62	40	5
63	12	67
63	13	25
63	14	448
63	15	329
63	16	1067
63	17	1078
63	18	247
63	19	127
63	20	478
63	24	2
63	25	1
63	26	3
63	27	9
63	28	2
63	29	8
63	30	12
63	31	6
63	32	46
63	33	33
63	34	6
63	35	14
63	36	22
63	37	34
63	38	53
63	39	152
63	40	7
64	12	71
64	13	16
64	14	424
64	15	358
64	16	1097
64	17	1134
64	18	257
64	19	98
64	20	506
64	24	1
64	25	3
64	26	5
64	27	23
64	29	7
64	30	11
64	31	6
64	32	47
64	33	28
64	34	5
64	35	24
64	36	17
64	37	48
64	38	54
64	39	145
64	40	3
65	12	57
65	13	24
65	14	462
65	15	402
65	16	1059
65	17	1200
65	18	255
65	19	121
65	20	515
65	24	4
65	25	5
65	26	4
65	27	9
65	28	1
65	29	7
65	30	11
65	31	11
65	32	41
65	33	32
65	34	3
65	35	20
65	36	13
65	37	43
65	38	51
65	39	121
65	40	8
66	12	68
66	13	27
66	14	439
66	15	396
66	16	1063
66	17	1109
66	18	226
66	19	102
66	20	501
66	24	6
66	25	2
66	26	2
66	27	15
66	28	1
66	29	8
66	30	8
66	31	6
66	32	43
66	33	28
66	34	9
66	35	26
66	36	19
66	37	45
66	38	63
66	39	125
66	40	4
67	12	77
67	13	34
67	14	452
67	15	414
67	16	1131
67	17	1143
67	18	246
67	19	120
67	20	519
67	24	2
67	25	1
67	26	5
67	27	15
67	28	1
67	29	7
67	30	10
67	31	9
67	32	48
67	33	41
67	34	2
67	35	17
67	36	16
67	37	37
67	38	49
67	39	127
67	40	5
68	12	77
68	13	32
68	14	485
68	15	428
68	16	1212
68	17	1177
68	18	270
68	19	116
68	20	471
68	24	4
68	25	6
68	26	1
68	27	10
68	28	1
68	29	6
68	30	15
68	31	9
68	32	36
68	33	35
68	34	4
68	35	21
68	36	15
68	37	46
68	38	44
68	39	129
68	40	3
69	12	95
69	13	37
69	14	465
69	15	413
69	16	1148
69	17	1102
69	18	285
69	19	119
69	20	494
69	24	6
69	25	5
69	26	2
69	27	12
69	28	2
69	29	6
69	30	10
69	31	13
69	32	29
69	33	46
69	34	6
69	35	13
69	36	11
69	37	34
69	38	55
69	39	134
69	40	3
70	12	77
70	13	32
70	14	506
70	15	426
70	16	1262
70	17	1268
70	18	272
70	19	157
70	20	541
70	24	7
70	25	1
70	27	12
70	28	1
70	29	10
70	30	15
70	31	11
70	32	36
70	33	33
70	34	4
70	35	24
70	36	24
70	37	41
70	38	57
70	39	110
70	40	2
71	12	78
71	13	40
71	14	468
71	15	407
71	16	1148
71	17	1092
71	18	258
71	19	133
71	20	476
71	24	6
71	25	1
71	26	1
71	27	11
71	28	1
71	29	6
71	30	17
71	31	4
71	32	32
71	33	37
71	34	8
71	35	18
71	36	24
71	37	40
71	38	48
71	39	151
71	40	3
72	12	85
72	13	41
72	14	453
72	15	447
72	16	1128
72	17	1075
72	18	253
72	19	148
72	20	478
72	24	5
72	25	6
72	26	2
72	27	14
72	28	6
72	29	10
72	30	15
72	31	15
72	32	40
72	33	56
72	34	4
72	35	14
72	36	21
72	37	55
72	38	32
72	39	147
72	40	3
73	12	80
73	13	48
73	14	463
73	15	420
73	16	1138
73	17	1082
73	18	259
73	19	123
73	20	480
73	24	2
73	25	4
73	26	1
73	27	19
73	28	4
73	29	6
73	30	13
73	31	6
73	32	46
73	33	37
73	34	9
73	35	20
73	36	13
73	37	40
73	38	45
73	39	151
73	40	2
74	12	90
74	13	43
74	14	464
74	15	456
74	16	1192
74	17	1067
74	18	278
74	19	152
74	20	509
74	24	1
74	25	6
74	26	3
74	27	19
74	28	1
74	29	10
74	30	16
74	31	10
74	32	26
74	33	32
74	34	7
74	35	24
74	36	14
74	37	27
74	38	53
74	39	131
74	40	1
75	12	88
75	13	42
75	14	487
75	15	455
75	16	1264
75	17	1147
75	18	303
75	19	164
75	20	548
75	24	9
75	25	5
75	26	3
75	27	25
75	29	8
75	30	20
75	31	12
75	32	35
75	33	39
75	34	9
75	35	12
75	36	15
75	37	46
75	38	41
75	39	137
75	40	2
76	12	104
76	13	46
76	14	520
76	15	473
76	16	1278
76	17	1273
76	18	279
76	19	146
76	20	572
76	24	7
76	25	2
76	26	2
76	27	17
76	28	5
76	29	5
76	30	10
76	31	10
76	32	49
76	33	38
76	34	6
76	35	24
76	36	19
76	37	45
76	38	37
76	39	160
77	12	82
77	13	35
77	14	515
77	15	457
77	16	1142
77	17	998
77	18	271
77	19	149
77	20	506
77	24	4
77	25	3
77	26	7
77	27	21
77	28	1
77	29	10
77	30	22
77	31	11
77	32	30
77	33	29
77	34	8
77	35	13
77	36	14
77	37	42
77	38	43
77	39	133
77	40	1
78	12	86
78	13	58
78	14	504
78	15	482
78	16	1277
78	17	1183
78	18	282
78	19	145
78	20	533
78	24	3
78	25	3
78	26	1
78	27	19
78	28	3
78	29	12
78	30	23
78	31	12
78	32	33
78	33	41
78	34	10
78	35	17
78	36	20
78	37	39
78	38	59
78	39	140
78	40	1
79	12	95
79	13	46
79	14	515
79	15	478
79	16	1169
79	17	1071
79	18	276
79	19	152
79	20	474
79	24	3
79	25	1
79	26	1
79	27	14
79	28	2
79	29	16
79	30	17
79	31	12
79	32	34
79	33	29
79	34	5
79	35	23
79	36	21
79	37	53
79	38	62
79	39	144
80	12	121
80	13	55
80	14	532
80	15	506
80	16	1237
80	17	1093
80	18	274
80	19	187
80	20	513
80	24	7
80	25	5
80	26	6
80	27	20
80	28	4
80	29	11
80	30	16
80	31	18
80	32	32
80	33	22
80	34	9
80	35	27
80	36	19
80	37	48
80	38	58
80	39	140
80	40	1
81	12	101
81	13	49
81	14	518
81	15	505
81	16	1169
81	17	1087
81	18	285
81	19	183
81	20	448
81	24	6
81	25	5
81	26	7
81	27	22
81	28	2
81	29	9
81	30	15
81	31	10
81	32	30
81	33	30
81	34	9
81	35	23
81	36	21
81	37	42
81	38	49
81	39	126
82	12	106
82	13	55
82	14	526
82	15	515
82	16	1300
82	17	1191
82	18	278
82	19	160
82	20	506
82	24	6
82	25	6
82	26	3
82	27	17
82	28	7
82	29	19
82	30	15
82	31	16
82	32	29
82	33	39
82	34	10
82	35	11
82	36	17
82	37	35
82	38	51
82	39	140
83	12	127
83	13	57
83	14	540
83	15	523
83	16	1258
83	17	1187
83	18	266
83	19	156
83	20	493
83	24	4
83	25	9
83	26	4
83	27	15
83	28	3
83	29	19
83	30	20
83	31	18
83	32	28
83	33	35
83	34	8
83	35	16
83	36	16
83	37	38
83	38	52
83	39	121
84	12	97
84	13	51
84	14	560
84	15	512
84	16	1215
84	17	1171
84	18	254
84	19	174
84	20	513
84	24	6
84	25	1
84	26	11
84	27	19
84	28	2
84	29	20
84	30	19
84	31	12
84	32	32
84	33	35
84	34	6
84	35	11
84	36	21
84	37	35
84	38	59
84	39	143
85	12	124
85	13	61
85	14	481
85	15	477
85	16	1152
85	17	1005
85	18	306
85	19	171
85	20	425
85	24	7
85	25	7
85	26	6
85	27	15
85	28	2
85	29	8
85	30	13
85	31	11
85	32	17
85	33	35
85	34	10
85	35	11
85	36	15
85	37	56
85	38	41
85	39	122
86	12	114
86	13	58
86	14	533
86	15	523
86	16	1317
86	17	1173
86	18	273
86	19	208
86	20	437
86	24	11
86	25	8
86	26	4
86	27	12
86	28	1
86	29	13
86	30	24
86	31	15
86	32	26
86	33	33
86	34	8
86	35	13
86	36	22
86	37	34
86	38	51
86	39	120
87	12	125
87	13	60
87	14	541
87	15	514
87	16	1155
87	17	1132
87	18	283
87	19	192
87	20	462
87	24	12
87	25	6
87	26	8
87	27	22
87	28	3
87	29	9
87	30	16
87	31	16
87	32	19
87	33	27
87	34	8
87	35	14
87	36	12
87	37	35
87	38	50
87	39	133
88	12	129
88	13	63
88	14	541
88	15	528
88	16	1220
88	17	1251
88	18	279
88	19	222
88	20	500
88	24	5
88	25	10
88	26	3
88	27	11
88	28	2
88	29	20
88	30	26
88	31	20
88	32	26
88	33	31
88	34	12
88	35	23
88	36	17
88	37	38
88	38	41
88	39	144
89	12	147
89	13	63
89	14	547
89	15	523
89	16	1211
89	17	1093
89	18	287
89	19	197
89	20	454
89	24	9
89	25	5
89	26	3
89	27	23
89	28	7
89	29	11
89	30	14
89	31	13
89	32	17
89	33	32
89	34	11
89	35	21
89	36	13
89	37	32
89	38	50
89	39	121
90	12	161
90	13	88
90	14	537
90	15	572
90	16	1261
90	17	1083
90	18	268
90	19	196
90	20	436
90	24	8
90	25	7
90	26	6
90	27	15
90	28	4
90	29	20
90	30	18
90	31	25
90	32	21
90	33	43
90	34	8
90	35	14
90	36	14
90	37	36
90	38	48
90	39	147
91	12	142
91	13	87
91	14	572
91	15	566
91	16	1308
91	17	1164
91	18	306
91	19	246
91	20	443
91	24	9
91	25	5
91	26	7
91	27	20
91	28	2
91	29	13
91	30	23
91	31	26
91	32	21
91	33	32
91	34	10
91	35	12
91	36	11
91	37	40
91	38	41
91	39	140
92	12	144
92	13	79
92	14	531
92	15	570
92	16	1167
92	17	1148
92	18	341
92	19	224
92	20	445
92	24	8
92	25	7
92	26	8
92	27	23
92	28	2
92	29	12
92	30	12
92	31	21
92	32	33
92	33	33
92	34	6
92	35	16
92	36	13
92	37	50
92	38	44
92	39	159
93	12	166
93	13	88
93	14	543
93	15	579
93	16	1179
93	17	1122
93	18	312
93	19	222
93	20	405
93	24	14
93	25	4
93	26	6
93	27	21
93	28	4
93	29	13
93	30	29
93	31	18
93	32	20
93	33	37
93	35	12
93	36	16
93	37	40
93	38	47
93	39	132
94	12	145
94	13	87
94	14	545
94	15	581
94	16	1173
94	17	1078
94	18	257
94	19	240
94	20	425
94	24	13
94	25	7
94	26	6
94	27	25
94	28	7
94	29	15
94	30	20
94	31	30
94	32	18
94	33	34
94	34	6
94	35	17
94	36	13
94	37	49
94	38	50
94	39	140
95	12	165
95	13	89
95	14	589
95	15	614
95	16	1207
95	17	1151
95	18	316
95	19	224
95	20	455
95	24	8
95	25	5
95	26	2
95	27	25
95	28	5
95	29	16
95	30	24
95	31	19
95	32	17
95	33	34
95	34	6
95	35	16
95	36	20
95	37	44
95	38	42
95	39	131
96	12	161
96	13	74
96	14	603
96	15	642
96	16	1294
96	17	1279
96	18	290
96	19	230
96	20	429
96	24	12
96	25	6
96	26	7
96	27	25
96	28	4
96	29	14
96	30	15
96	31	23
96	32	14
96	33	44
96	34	4
96	35	16
96	36	17
96	37	48
96	38	57
96	39	125
97	12	184
97	13	99
97	14	565
97	15	591
97	16	1251
97	17	1094
97	18	288
97	19	253
97	20	410
97	24	10
97	25	14
97	26	8
97	27	20
97	28	4
97	29	14
97	30	17
97	31	27
97	32	11
97	33	40
97	34	9
97	35	13
97	36	15
97	37	55
97	38	36
97	39	141
98	12	164
98	13	92
98	14	592
98	15	655
98	16	1300
98	17	1230
98	18	343
98	19	281
98	20	454
98	24	10
98	25	9
98	26	2
98	27	28
98	28	2
98	29	26
98	30	25
98	31	22
98	32	17
98	33	33
98	34	9
98	35	18
98	36	11
98	37	46
98	38	46
98	39	119
99	12	204
99	13	103
99	14	626
99	15	626
99	16	1292
99	17	1240
99	18	315
99	19	279
99	20	389
99	24	16
99	25	8
99	26	9
99	27	21
99	28	6
99	29	24
99	30	24
99	31	21
99	32	12
99	33	44
99	34	10
99	35	19
99	36	19
99	37	41
99	38	48
99	39	157
100	12	172
100	13	96
100	14	575
100	15	623
100	16	1244
100	17	1093
100	18	299
100	19	302
100	20	318
100	24	4
100	25	7
100	26	7
100	27	14
100	28	8
100	29	14
100	30	26
100	31	26
100	32	11
100	33	38
100	34	7
100	35	7
100	36	17
100	37	41
100	38	43
100	39	117
101	12	188
101	13	107
101	14	559
101	15	681
101	16	1246
101	17	1111
101	18	288
101	19	282
101	20	381
101	24	14
101	25	10
101	26	6
101	27	27
101	28	7
101	29	16
101	30	23
101	31	37
101	32	9
101	33	28
101	34	8
101	35	18
101	36	13
101	37	48
101	38	42
101	39	133
102	12	206
102	13	128
102	14	649
102	15	669
102	16	1364
102	17	1247
102	18	346
102	19	351
102	20	388
102	24	13
102	25	4
102	26	11
102	27	22
102	28	6
102	29	14
102	30	29
102	31	39
102	32	5
102	33	35
102	34	10
102	35	16
102	36	21
102	37	42
102	38	56
102	39	120
103	12	183
103	13	114
103	14	664
103	15	651
103	16	1323
103	17	1108
103	18	349
103	19	303
103	20	326
103	24	9
103	25	3
103	26	8
103	27	22
103	28	2
103	29	12
103	30	15
103	31	18
103	32	5
103	33	40
103	34	6
103	35	18
103	36	11
103	37	32
103	38	38
103	39	127
104	12	211
104	13	105
104	14	621
104	15	663
104	16	1198
104	17	1090
104	18	335
104	19	331
104	20	291
104	24	9
104	25	6
104	26	11
104	27	17
104	28	3
104	29	13
104	30	20
104	31	20
104	32	9
104	33	38
104	34	5
104	35	11
104	36	14
104	37	49
104	38	51
104	39	125
105	12	203
105	13	142
105	14	645
105	15	689
105	16	1309
105	17	1187
105	18	378
105	19	349
105	20	326
105	24	12
105	25	15
105	26	9
105	27	20
105	28	5
105	29	11
105	30	24
105	31	27
105	32	8
105	33	34
105	34	8
105	35	8
105	36	13
105	37	55
105	38	49
105	39	108
106	12	224
106	13	129
106	14	668
106	15	707
106	16	1312
106	17	1104
106	18	351
106	19	385
106	20	272
106	24	24
106	25	8
106	26	11
106	27	22
106	28	1
106	29	12
106	30	23
106	31	35
106	32	7
106	33	31
106	34	6
106	35	15
106	36	11
106	37	48
106	38	51
106	39	114
107	12	222
107	13	115
107	14	646
107	15	726
107	16	1340
107	17	1104
107	18	384
107	19	343
107	20	239
107	24	13
107	25	16
107	26	6
107	27	18
107	28	6
107	29	16
107	30	22
107	31	29
107	32	4
107	33	33
107	34	4
107	35	19
107	36	11
107	37	29
107	38	48
107	39	125
108	12	197
108	13	142
108	14	653
108	15	724
108	16	1288
108	17	1078
108	18	377
108	19	364
108	20	269
108	24	25
108	25	10
108	26	11
108	27	17
108	28	4
108	29	17
108	30	23
108	31	20
108	32	8
108	33	33
108	34	7
108	35	13
108	36	11
108	37	56
108	38	47
108	39	120
109	12	222
109	13	130
109	14	682
109	15	714
109	16	1358
109	17	1211
109	18	427
109	19	412
109	20	236
109	24	16
109	25	14
109	26	4
109	27	30
109	28	5
109	29	19
109	30	32
109	31	33
109	32	7
109	33	39
109	34	6
109	35	6
109	36	13
109	37	43
109	38	56
109	39	137
110	12	267
110	13	117
110	14	724
110	15	777
110	16	1383
110	17	1191
110	18	369
110	19	416
110	20	243
110	24	21
110	25	13
110	26	11
110	27	23
110	29	9
110	30	22
110	31	38
110	32	7
110	33	33
110	34	9
110	35	15
110	36	20
110	37	48
110	38	30
110	39	121
111	12	225
111	13	148
111	14	726
111	15	803
111	16	1322
111	17	1087
111	18	378
111	19	415
111	20	196
111	24	19
111	25	10
111	26	10
111	27	28
111	28	6
111	29	21
111	30	22
111	31	32
111	32	9
111	33	37
111	34	15
111	35	23
111	36	15
111	37	36
111	38	48
111	39	96
112	12	231
112	13	123
112	14	660
112	15	724
112	16	1283
112	17	1063
112	18	385
112	19	402
112	20	183
112	24	13
112	25	13
112	26	9
112	27	20
112	28	7
112	29	18
112	30	24
112	31	37
112	32	6
112	33	36
112	34	8
112	35	16
112	36	24
112	37	23
112	38	35
112	39	123
113	12	244
113	13	139
113	14	684
113	15	810
113	16	1304
113	17	1140
113	18	399
113	19	422
113	20	160
113	24	16
113	25	11
113	26	9
113	27	26
113	28	7
113	29	13
113	30	17
113	31	25
113	32	7
113	33	31
113	34	11
113	35	12
113	36	17
113	37	54
113	38	39
113	39	123
114	12	264
114	13	163
114	14	713
114	15	774
114	16	1456
114	17	1195
114	18	373
114	19	440
114	20	158
114	24	21
114	25	14
114	26	7
114	27	23
114	28	6
114	29	15
114	30	27
114	31	34
114	32	4
114	33	49
114	34	7
114	35	6
114	36	20
114	37	36
114	38	45
114	39	115
115	12	278
115	13	170
115	14	742
115	15	857
115	16	1432
115	17	1165
115	18	391
115	19	504
115	20	156
115	24	19
115	25	17
115	26	9
115	27	27
115	28	10
115	29	13
115	30	17
115	31	26
115	32	6
115	33	41
115	34	5
115	35	13
115	36	16
115	37	40
115	38	37
115	39	103
116	12	263
116	13	130
116	14	683
116	15	850
116	16	1240
116	17	1092
116	18	359
116	19	442
116	20	112
116	24	20
116	25	9
116	26	9
116	27	29
116	28	11
116	29	15
116	30	20
116	31	30
116	32	4
116	33	46
116	34	7
116	35	10
116	36	8
116	37	43
116	38	51
116	39	124
117	12	290
117	13	156
117	14	702
117	15	832
117	16	1317
117	17	1078
117	18	351
117	19	514
117	20	107
117	24	19
117	25	12
117	26	5
117	27	25
117	28	3
117	29	17
117	30	15
117	31	32
117	32	7
117	33	41
117	34	12
117	35	10
117	36	10
117	37	37
117	38	49
117	39	102
118	12	258
118	13	135
118	14	689
118	15	850
118	16	1431
118	17	1176
118	18	448
118	19	503
118	20	113
118	24	23
118	25	8
118	26	18
118	27	24
118	28	3
118	29	21
118	30	23
118	31	26
118	32	3
118	33	31
118	34	3
118	35	15
118	36	17
118	37	28
118	38	33
118	39	120
119	12	303
119	13	162
119	14	671
119	15	863
119	16	1366
119	17	1147
119	18	386
119	19	473
119	20	87
119	24	17
119	25	13
119	26	11
119	27	27
119	28	3
119	29	17
119	30	24
119	31	31
119	32	6
119	33	43
119	34	14
119	35	8
119	36	15
119	37	39
119	38	50
119	39	115
120	12	281
120	13	149
120	14	752
120	15	857
120	16	1334
120	17	1067
120	18	532
120	19	740
120	20	101
120	24	27
120	25	9
120	26	14
120	27	33
120	28	4
120	29	19
120	30	21
120	31	27
120	32	4
120	33	68
120	34	6
120	35	4
120	36	10
120	37	48
120	38	40
120	39	112
121	12	263
121	13	184
121	14	761
121	15	917
121	16	1269
121	17	1109
121	18	364
121	19	460
121	20	48
121	24	21
121	25	12
121	26	12
121	27	31
121	28	6
121	29	19
121	30	33
121	31	27
121	32	3
121	33	51
121	34	6
121	35	12
121	36	14
121	37	29
121	38	50
121	39	114
122	12	315
122	13	187
122	14	758
122	15	907
122	16	1411
122	17	1123
122	18	421
122	19	531
122	20	62
122	24	24
122	25	10
122	26	9
122	27	32
122	28	1
122	29	24
122	30	28
122	31	25
122	32	6
122	33	42
122	34	12
122	35	9
122	36	10
122	37	29
122	38	39
122	39	114
123	12	295
123	13	181
123	14	791
123	15	945
123	16	1405
123	17	1145
123	18	367
123	19	493
123	20	60
123	24	17
123	25	15
123	26	16
123	27	32
123	28	5
123	29	22
123	30	22
123	31	15
123	32	8
123	33	45
123	34	9
123	35	14
123	36	17
123	37	37
123	38	45
123	39	96
124	12	350
124	13	189
124	14	815
124	15	935
124	16	1295
124	17	1020
124	18	412
124	19	543
124	20	40
124	24	32
124	25	11
124	26	15
124	27	25
124	28	4
124	29	20
124	30	24
124	31	20
124	32	3
124	33	29
124	34	7
124	35	14
124	36	12
124	37	31
124	38	47
124	39	109
125	12	346
125	13	170
125	14	810
125	15	922
125	16	1327
125	17	1079
125	18	433
125	19	597
125	20	47
125	24	27
125	25	14
125	26	13
125	27	27
125	28	8
125	29	21
125	30	27
125	31	36
125	32	5
125	33	56
125	34	9
125	35	14
125	36	14
125	37	44
125	38	47
125	39	126
126	12	349
126	13	191
126	14	874
126	15	996
126	16	1546
126	17	1276
126	18	441
126	19	622
126	20	28
126	24	27
126	25	13
126	26	15
126	27	34
126	28	9
126	29	34
126	30	20
126	31	24
126	32	2
126	33	40
126	34	10
126	35	14
126	36	20
126	37	37
126	38	29
126	39	128
127	12	300
127	13	197
127	14	767
127	15	948
127	16	1326
127	17	1064
127	18	361
127	19	501
127	20	28
127	24	27
127	25	16
127	26	13
127	27	28
127	28	4
127	29	12
127	30	25
127	31	23
127	32	5
127	33	41
127	34	6
127	35	5
127	36	15
127	37	39
127	38	40
127	39	133
128	12	352
128	13	197
128	14	763
128	15	994
128	16	1300
128	17	1031
128	18	328
128	19	498
128	20	28
128	24	31
128	25	15
128	26	22
128	27	26
128	28	8
128	29	19
128	30	28
128	31	28
128	32	7
128	33	37
128	34	9
128	35	14
128	36	16
128	37	26
128	38	34
128	39	131
128	40	1
129	12	338
129	13	199
129	14	875
129	15	1051
129	16	1361
129	17	1244
129	18	376
129	19	579
129	20	22
129	24	36
129	25	21
129	26	16
129	27	29
129	28	6
129	29	32
129	30	20
129	31	23
129	32	6
129	33	50
129	34	5
129	35	10
129	36	15
129	37	32
129	38	40
129	39	123
130	12	345
130	13	202
130	14	875
130	15	1048
130	16	1415
130	17	1125
130	18	392
130	19	511
130	20	16
130	24	26
130	25	18
130	26	12
130	27	34
130	28	10
130	29	25
130	30	26
130	31	29
130	32	3
130	33	46
130	34	5
130	35	7
130	36	12
130	37	38
130	38	52
130	39	117
130	40	1
131	12	345
131	13	215
131	14	857
131	15	1111
131	16	1403
131	17	1144
131	18	379
131	19	569
131	20	14
131	24	28
131	25	21
131	26	15
131	27	23
131	28	5
131	29	17
131	30	26
131	31	17
131	32	3
131	33	31
131	34	16
131	35	7
131	36	12
131	37	43
131	38	42
131	39	131
132	12	351
132	13	241
132	14	860
132	15	1140
132	16	1431
132	17	1136
132	18	403
132	19	548
132	20	12
132	24	27
132	25	15
132	26	17
132	27	16
132	28	8
132	29	31
132	30	27
132	31	19
132	32	4
132	33	46
132	34	7
132	35	20
132	36	15
132	37	39
132	38	54
132	39	126
133	12	387
133	13	236
133	14	904
133	15	1128
133	16	1417
133	17	1157
133	18	347
133	19	526
133	20	12
133	24	33
133	25	18
133	26	16
133	27	40
133	28	4
133	29	12
133	30	28
133	31	24
133	32	4
133	33	43
133	34	8
133	35	22
133	36	8
133	37	41
133	38	47
133	39	123
133	40	1
134	12	362
134	13	251
134	14	848
134	15	1139
134	16	1369
134	17	1138
134	18	399
134	19	497
134	20	5
134	24	34
134	25	14
134	26	16
134	27	31
134	28	11
134	29	25
134	30	27
134	31	25
134	32	5
134	33	34
134	34	7
134	35	11
134	36	12
134	37	41
134	38	43
134	39	111
134	40	1
135	12	394
135	13	256
135	14	891
135	15	1121
135	16	1457
135	17	1191
135	18	404
135	19	502
135	20	3
135	24	38
135	25	15
135	26	14
135	27	32
135	28	6
135	29	20
135	30	28
135	31	12
135	32	8
135	33	53
135	34	3
135	35	12
135	36	7
135	37	39
135	38	47
135	39	98
135	40	1
136	12	391
136	13	262
136	14	927
136	15	1209
136	16	1429
136	17	1182
136	18	346
136	19	533
136	20	2
136	24	36
136	25	15
136	26	18
136	27	31
136	28	6
136	29	19
136	30	33
136	31	23
136	32	9
136	33	48
136	34	6
136	35	10
136	36	16
136	37	48
136	38	46
136	39	126
137	12	389
137	13	256
137	14	903
137	15	1207
137	16	1377
137	17	1165
137	18	344
137	19	503
137	20	2
137	24	32
137	25	13
137	26	20
137	27	26
137	28	4
137	29	29
137	30	39
137	31	14
137	32	6
137	33	41
137	34	8
137	35	14
137	36	16
137	37	33
137	38	41
137	39	115
138	12	471
138	13	271
138	14	958
138	15	1179
138	16	1406
138	17	1164
138	18	339
138	19	487
138	20	1
138	24	44
138	25	17
138	26	18
138	27	34
138	28	11
138	29	20
138	30	30
138	31	17
138	32	4
138	33	34
138	34	9
138	35	14
138	36	10
138	37	34
138	38	46
138	39	120
138	40	1
139	12	452
139	13	263
139	14	969
139	15	1130
139	16	1413
139	17	1130
139	18	397
139	19	530
139	20	1
139	24	41
139	25	10
139	26	20
139	27	29
139	28	6
139	29	21
139	30	24
139	31	17
139	32	9
139	33	44
139	34	4
139	35	18
139	36	9
139	37	34
139	38	34
139	39	115
140	12	418
140	13	286
140	14	1016
140	15	1245
140	16	1462
140	17	1258
140	18	348
140	19	502
140	20	1
140	24	35
140	25	22
140	26	18
140	27	35
140	28	15
140	29	22
140	30	25
140	31	22
140	32	5
140	33	46
140	34	3
140	35	14
140	36	9
140	37	36
140	38	42
140	39	118
141	12	416
141	13	274
141	14	951
141	15	1265
141	16	1468
141	17	1085
141	18	401
141	19	489
141	24	41
141	25	15
141	26	16
141	27	40
141	28	8
141	29	28
141	30	29
141	31	28
141	32	9
141	33	48
141	34	10
141	35	13
141	36	12
141	37	37
141	38	47
141	39	110
141	40	1
142	12	464
142	13	257
142	14	1027
142	15	1292
142	16	1547
142	17	1229
142	18	403
142	19	586
142	24	48
142	25	24
142	26	17
142	27	33
142	28	5
142	29	28
142	30	31
142	31	15
142	32	4
142	33	50
142	34	14
142	35	10
142	36	14
142	37	37
142	38	41
142	39	97
142	40	1
143	12	445
143	13	281
143	14	1028
143	15	1283
143	16	1452
143	17	1195
143	18	410
143	19	535
143	24	40
143	25	19
143	26	16
143	27	43
143	28	5
143	29	29
143	30	46
143	31	12
143	32	7
143	33	39
143	34	8
143	35	14
143	36	10
143	37	29
143	38	58
143	39	101
144	12	445
144	13	292
144	14	978
144	15	1349
144	16	1422
144	17	1173
144	18	357
144	19	514
144	24	33
144	25	23
144	26	26
144	27	44
144	28	7
144	29	27
144	30	31
144	31	10
144	32	4
144	33	37
144	34	5
144	35	17
144	36	14
144	37	34
144	38	49
144	39	121
144	40	4
145	12	466
145	13	269
145	14	1020
145	15	1418
145	16	1492
145	17	1167
145	18	388
145	19	518
145	24	37
145	25	25
145	26	19
145	27	40
145	28	5
145	29	22
145	30	26
145	31	9
145	32	9
145	33	39
145	34	9
145	35	5
145	36	10
145	37	28
145	38	50
145	39	124
145	40	1
146	12	443
146	13	289
146	14	1083
146	15	1333
146	16	1616
146	17	1304
146	18	397
146	19	536
146	24	30
146	25	19
146	26	20
146	27	44
146	28	7
146	29	29
146	30	33
146	31	18
146	32	5
146	33	48
146	34	11
146	35	15
146	36	15
146	37	35
146	38	37
146	39	112
147	12	440
147	13	323
147	14	1067
147	15	1334
147	16	1512
147	17	1135
147	18	334
147	19	453
147	24	44
147	25	19
147	26	20
147	27	42
147	28	10
147	29	26
147	30	22
147	31	13
147	32	3
147	33	34
147	34	9
147	35	15
147	36	11
147	37	44
147	38	41
147	39	127
148	12	491
148	13	301
148	14	1081
148	15	1325
148	16	1404
148	17	1091
148	18	326
148	19	411
148	24	51
148	25	14
148	26	16
148	27	41
148	28	11
148	29	26
148	30	35
148	31	12
148	32	10
148	33	50
148	34	8
148	35	16
148	36	11
148	37	48
148	38	43
148	39	121
149	12	492
149	13	329
149	14	1083
149	15	1412
149	16	1429
149	17	1184
149	18	361
149	19	421
149	24	43
149	25	14
149	26	22
149	27	34
149	28	3
149	29	29
149	30	32
149	31	9
149	32	6
149	33	58
149	34	5
149	35	14
149	36	20
149	37	35
149	38	25
149	39	117
150	12	470
150	13	318
150	14	1145
150	15	1470
150	16	1608
150	17	1254
150	18	320
150	19	487
150	24	51
150	25	19
150	26	25
150	27	45
150	28	12
150	29	29
150	30	21
150	31	14
150	32	6
150	33	38
150	34	7
150	35	12
150	36	5
150	37	44
150	38	37
150	39	106
151	12	492
151	13	311
151	14	1060
151	15	1364
151	16	1340
151	17	993
151	18	316
151	19	377
151	24	58
151	25	14
151	26	25
151	27	33
151	28	6
151	29	28
151	30	28
151	31	8
151	32	7
151	33	43
151	34	8
151	35	11
151	36	11
151	37	45
151	38	41
151	39	119
151	40	1
152	12	474
152	13	329
152	14	1141
152	15	1410
152	16	1490
152	17	1144
152	18	340
152	19	419
152	24	46
152	25	18
152	26	25
152	27	34
152	28	5
152	29	25
152	30	25
152	31	13
152	32	10
152	33	34
152	34	8
152	35	9
152	36	6
152	37	34
152	38	39
152	39	102
152	40	1
153	12	518
153	13	340
153	14	1081
153	15	1464
153	16	1451
153	17	1122
153	18	295
153	19	384
153	24	44
153	25	20
153	26	20
153	27	47
153	28	6
153	29	28
153	30	20
153	31	9
153	32	7
153	33	34
153	34	8
153	35	17
153	36	10
153	37	41
153	38	42
153	39	114
154	12	535
154	13	315
154	14	1056
154	15	1523
154	16	1523
154	17	1113
154	18	322
154	19	385
154	24	41
154	25	25
154	26	28
154	27	44
154	28	7
154	29	21
154	30	20
154	31	11
154	32	6
154	33	51
154	34	17
154	35	14
154	36	13
154	37	50
154	38	44
154	39	122
155	12	487
155	13	372
155	14	1148
155	15	1589
155	16	1549
155	17	1207
155	18	312
155	19	409
155	24	54
155	25	24
155	26	19
155	27	45
155	28	9
155	29	22
155	30	31
155	31	7
155	32	7
155	33	40
155	34	8
155	35	16
155	36	9
155	37	43
155	38	43
155	39	110
156	12	522
156	13	363
156	14	1176
156	15	1429
156	16	1406
156	17	1090
156	18	298
156	19	347
156	24	61
156	25	19
156	26	32
156	27	56
156	28	5
156	29	14
156	30	28
156	31	9
156	32	9
156	33	36
156	34	8
156	35	13
156	36	10
156	37	41
156	38	32
156	39	110
157	12	547
157	13	421
157	14	1138
157	15	1536
157	16	1540
157	17	1204
157	18	297
157	19	375
157	24	52
157	25	20
157	26	30
157	27	45
157	28	2
157	29	28
157	30	18
157	31	12
157	32	14
157	33	29
157	34	10
157	35	10
157	36	4
157	37	30
157	38	37
157	39	123
158	12	550
158	13	383
158	14	1239
158	15	1519
158	16	1564
158	17	1218
158	18	340
158	19	385
158	24	63
158	25	23
158	26	26
158	27	41
158	28	6
158	29	23
158	30	28
158	31	6
158	32	8
158	33	49
158	34	14
158	35	15
158	36	10
158	37	34
158	38	47
158	39	115
159	12	550
159	13	379
159	14	1197
159	15	1483
159	16	1462
159	17	1193
159	18	305
159	19	313
159	24	65
159	25	22
159	26	27
159	27	58
159	28	9
159	29	25
159	30	27
159	31	9
159	32	10
159	33	40
159	34	6
159	35	25
159	36	15
159	37	36
159	38	33
159	39	119
160	12	532
160	13	424
160	14	1194
160	15	1527
160	16	1475
160	17	1063
160	18	244
160	19	310
160	24	53
160	25	25
160	26	29
160	27	38
160	28	10
160	29	18
160	30	24
160	31	9
160	32	7
160	33	53
160	34	13
160	35	5
160	36	9
160	37	28
160	38	34
160	39	108
161	12	562
161	13	393
161	14	1167
161	15	1557
161	16	1485
161	17	1118
161	18	287
161	19	297
161	24	56
161	25	18
161	26	23
161	27	42
161	28	5
161	29	21
161	30	20
161	31	9
161	32	4
161	33	38
161	34	11
161	35	24
161	36	4
161	37	30
161	38	36
161	39	99
161	40	3
162	12	566
162	13	431
162	14	1303
162	15	1679
162	16	1723
162	17	1196
162	18	251
162	19	331
162	24	52
162	25	16
162	26	27
162	27	54
162	28	8
162	29	31
162	30	24
162	31	12
162	32	4
162	33	44
162	34	6
162	35	15
162	36	11
162	37	33
162	38	43
162	39	95
163	12	587
163	13	433
163	14	1193
163	15	1600
163	16	1561
163	17	1090
163	18	274
163	19	283
163	24	65
163	25	30
163	26	22
163	27	42
163	28	10
163	29	17
163	30	25
163	31	11
163	32	8
163	33	44
163	34	16
163	35	20
163	36	7
163	37	37
163	38	47
163	39	121
163	40	1
164	12	604
164	13	411
164	14	1243
164	15	1625
164	16	1593
164	17	1060
164	18	255
164	19	258
164	24	67
164	25	27
164	26	31
164	27	43
164	28	10
164	29	22
164	30	28
164	31	13
164	32	4
164	33	38
164	34	9
164	35	15
164	36	15
164	37	34
164	38	41
164	39	109
164	40	2
165	12	606
165	13	419
165	14	1317
165	15	1714
165	16	1483
165	17	1131
165	18	249
165	19	240
165	24	57
165	25	18
165	26	32
165	27	36
165	28	15
165	29	12
165	30	24
165	31	16
165	32	8
165	33	37
165	34	11
165	35	14
165	36	11
165	37	40
165	38	31
165	39	123
165	40	6
166	12	629
166	13	440
166	14	1325
166	15	1608
166	16	1648
166	17	1109
166	18	263
166	19	258
166	24	62
166	25	28
166	26	30
166	27	45
166	28	6
166	29	20
166	30	31
166	31	10
166	32	11
166	33	33
166	34	14
166	35	14
166	36	13
166	37	35
166	38	56
166	39	95
166	40	3
167	12	563
167	13	436
167	14	1318
167	15	1781
167	16	1663
167	17	1165
167	18	230
167	19	222
167	24	69
167	25	23
167	26	24
167	27	37
167	28	5
167	29	20
167	30	36
167	31	18
167	32	10
167	33	37
167	34	10
167	35	13
167	36	8
167	37	32
167	38	45
167	39	105
167	40	1
168	12	630
168	13	433
168	14	1404
168	15	1713
168	16	1609
168	17	1146
168	18	264
168	19	194
168	24	70
168	25	24
168	26	24
168	27	53
168	28	8
168	29	19
168	30	23
168	31	16
168	32	10
168	33	37
168	34	7
168	35	19
168	36	6
168	37	43
168	38	29
168	39	101
169	12	574
169	13	442
169	14	1375
169	15	1694
169	16	1591
169	17	1091
169	18	232
169	19	197
169	24	74
169	25	25
169	26	30
169	27	46
169	28	10
169	29	24
169	30	22
169	31	12
169	32	5
169	33	37
169	34	12
169	35	11
169	36	12
169	37	41
169	38	42
169	39	136
170	12	587
170	13	526
170	14	1370
170	15	1758
170	16	1698
170	17	1072
170	18	201
170	19	184
170	24	67
170	25	28
170	26	35
170	27	47
170	28	7
170	29	39
170	30	23
170	31	6
170	32	8
170	33	47
170	34	10
170	35	12
170	36	8
170	37	30
170	38	42
170	39	105
170	40	1
171	12	571
171	13	473
171	14	1342
171	15	1761
171	16	1463
171	17	1095
171	18	174
171	19	157
171	24	64
171	25	25
171	26	19
171	27	50
171	28	4
171	29	18
171	30	21
171	31	8
171	32	7
171	33	44
171	34	6
171	35	18
171	36	9
171	37	32
171	38	43
171	39	120
171	40	1
172	12	616
172	13	486
172	14	1337
172	15	1669
172	16	1600
172	17	1077
172	18	200
172	19	167
172	24	59
172	25	25
172	26	25
172	27	47
172	28	8
172	29	20
172	30	21
172	31	13
172	32	4
172	33	32
172	34	8
172	35	14
172	36	5
172	37	33
172	38	40
172	39	109
173	12	624
173	13	478
173	14	1410
173	15	1900
173	16	1703
173	17	1147
173	18	217
173	19	158
173	24	87
173	25	20
173	26	26
173	27	46
173	28	13
173	29	23
173	30	25
173	31	20
173	32	12
173	33	56
173	34	6
173	35	21
173	36	10
173	37	34
173	38	28
173	39	120
173	40	1
174	12	646
174	13	549
174	14	1415
174	15	1837
174	16	1742
174	17	1094
174	18	176
174	19	119
174	24	74
174	25	24
174	26	25
174	27	55
174	28	4
174	29	22
174	30	20
174	31	10
174	32	14
174	33	42
174	34	7
174	35	18
174	36	5
174	37	37
174	38	43
174	39	130
175	12	662
175	13	497
175	14	1318
175	15	1713
175	16	1513
175	17	989
175	18	186
175	19	108
175	24	65
175	25	26
175	26	37
175	27	44
175	28	15
175	29	20
175	30	30
175	31	8
175	32	6
175	33	37
175	34	11
175	35	10
175	36	5
175	37	38
175	38	40
175	39	102
176	12	669
176	13	511
176	14	1399
176	15	1844
176	16	1694
176	17	1036
176	18	169
176	19	109
176	24	77
176	25	30
176	26	33
176	27	52
176	28	8
176	29	24
176	30	32
176	31	9
176	32	7
176	33	34
176	34	9
176	35	10
176	36	6
176	37	33
176	38	33
176	39	101
177	12	651
177	13	579
177	14	1463
177	15	1914
177	16	1798
177	17	1109
177	18	168
177	19	88
177	24	79
177	25	20
177	26	32
177	27	53
177	28	7
177	29	22
177	30	28
177	31	19
177	32	10
177	33	31
177	34	9
177	35	10
177	36	4
177	37	34
177	38	39
177	39	109
177	40	2
178	12	644
178	13	564
178	14	1499
178	15	1960
178	16	1815
178	17	1078
178	18	183
178	19	80
178	24	80
178	25	28
178	26	29
178	27	43
178	28	13
178	29	15
178	30	29
178	31	20
178	32	9
178	33	26
178	34	8
178	35	11
178	36	4
178	37	45
178	38	28
178	39	102
179	12	678
179	13	566
179	14	1401
179	15	1911
179	16	1698
179	17	955
179	18	148
179	19	88
179	24	78
179	25	27
179	26	36
179	27	38
179	28	6
179	29	22
179	30	24
179	31	10
179	32	13
179	33	38
179	34	6
179	35	16
179	36	4
179	37	37
179	38	34
179	39	108
180	12	654
180	13	556
180	14	1485
180	15	1826
180	16	1720
180	17	930
180	18	147
180	19	71
180	24	83
180	25	25
180	26	31
180	27	55
180	28	14
180	29	16
180	30	16
180	31	11
180	32	11
180	33	41
180	34	17
180	35	14
180	36	8
180	37	46
180	38	40
180	39	109
181	12	686
181	13	573
181	14	1518
181	15	1820
181	16	1632
181	17	912
181	18	120
181	19	60
181	24	82
181	25	16
181	26	38
181	27	44
181	28	15
181	29	16
181	30	24
181	31	21
181	32	12
181	33	27
181	34	14
181	35	11
181	36	6
181	37	21
181	38	44
181	39	114
181	40	2
182	12	692
182	13	587
182	14	1491
182	15	1964
182	16	1832
182	17	1005
182	18	131
182	19	59
182	24	78
182	25	21
182	26	33
182	27	52
182	28	9
182	29	19
182	30	17
182	31	13
182	32	5
182	33	28
182	34	11
182	35	16
182	36	6
182	37	36
182	38	34
182	39	106
183	12	694
183	13	549
183	14	1480
183	15	1996
183	16	1697
183	17	831
183	18	100
183	19	39
183	24	83
183	25	30
183	26	27
183	27	34
183	28	8
183	29	21
183	30	22
183	31	18
183	32	5
183	33	33
183	34	20
183	35	21
183	36	10
183	37	36
183	38	41
183	39	124
184	12	696
184	13	594
184	14	1473
184	15	1946
184	16	1838
184	17	922
184	18	99
184	19	35
184	24	72
184	25	26
184	26	46
184	27	45
184	28	10
184	29	21
184	30	24
184	31	9
184	32	8
184	33	37
184	34	10
184	35	11
184	36	6
184	37	39
184	38	46
184	39	116
185	12	729
185	13	621
185	14	1566
185	15	2042
185	16	1847
185	17	884
185	18	99
185	19	43
185	24	89
185	25	24
185	26	34
185	27	57
185	28	11
185	29	13
185	30	16
185	31	17
185	32	8
185	33	38
185	34	7
185	35	16
185	36	8
185	37	33
185	38	37
185	39	124
185	40	1
186	12	721
186	13	661
186	14	1604
186	15	2075
186	16	1826
186	17	920
186	18	115
186	19	18
186	24	79
186	25	31
186	26	39
186	27	62
186	28	16
186	29	12
186	30	30
186	31	14
186	32	8
186	33	27
186	34	8
186	35	24
186	36	6
186	37	35
186	38	46
186	39	118
187	12	676
187	13	663
187	14	1636
187	15	2045
187	16	1796
187	17	859
187	18	103
187	19	35
187	24	80
187	25	30
187	26	33
187	27	57
187	28	14
187	29	15
187	30	14
187	31	13
187	32	3
187	33	26
187	34	13
187	35	8
187	36	6
187	37	35
187	38	41
187	39	93
188	12	757
188	13	606
188	14	1618
188	15	2044
188	16	1793
188	17	800
188	18	80
188	19	16
188	24	97
188	25	31
188	26	39
188	27	45
188	28	11
188	29	20
188	30	29
188	31	19
188	32	8
188	33	36
188	34	12
188	35	23
188	36	5
188	37	39
188	38	49
188	39	117
189	12	742
189	13	648
189	14	1612
189	15	2098
189	16	1769
189	17	704
189	18	83
189	19	16
189	24	88
189	25	39
189	26	36
189	27	54
189	28	8
189	29	14
189	30	20
189	31	12
189	32	11
189	33	34
189	34	12
189	35	11
189	36	7
189	37	39
189	38	50
189	39	122
190	12	693
190	13	656
190	14	1649
190	15	2164
190	16	1813
190	17	695
190	18	64
190	19	20
190	24	87
190	25	33
190	26	37
190	27	55
190	28	18
190	29	14
190	30	20
190	31	17
190	32	7
190	33	32
190	34	4
190	35	20
190	36	4
190	37	33
190	38	35
190	39	104
191	12	726
191	13	655
191	14	1646
191	15	2079
191	16	1892
191	17	710
191	18	67
191	19	13
191	24	93
191	25	32
191	26	41
191	27	47
191	28	11
191	29	16
191	30	22
191	31	9
191	32	8
191	33	16
191	34	12
191	35	8
191	36	3
191	37	35
191	38	49
191	39	111
192	12	733
192	13	764
192	14	1670
192	15	2055
192	16	1890
192	17	675
192	18	61
192	19	14
192	24	99
192	25	38
192	26	41
192	27	44
192	28	19
192	29	17
192	30	30
192	31	14
192	32	9
192	33	29
192	34	10
192	35	22
192	36	6
192	37	26
192	38	33
192	39	98
193	12	755
193	13	756
193	14	1674
193	15	2325
193	16	1988
193	17	701
193	18	59
193	19	11
193	24	97
193	25	30
193	26	26
193	27	59
193	28	12
193	29	18
193	30	27
193	31	17
193	32	5
193	33	39
193	34	13
193	35	13
193	36	6
193	37	35
193	38	38
193	39	111
194	12	895
194	13	1084
194	14	2401
194	15	4063
194	16	6879
194	17	3270
194	18	593
194	19	30
194	24	112
194	25	61
194	26	81
194	27	471
194	28	130
194	29	196
194	30	279
194	31	215
194	32	62
194	33	626
194	34	81
194	35	288
194	36	180
194	37	501
194	38	293
194	39	287
195	12	739
195	13	712
195	14	1728
195	15	2135
195	16	1875
195	17	548
195	18	55
195	19	8
195	24	84
195	25	26
195	26	35
195	27	53
195	28	10
195	29	21
195	30	15
195	31	10
195	32	5
195	33	37
195	34	9
195	35	22
195	36	4
195	37	41
195	38	46
195	39	106
196	12	711
196	13	678
196	14	1724
196	15	2296
196	16	1954
196	17	526
196	18	47
196	19	5
196	24	95
196	25	33
196	26	40
196	27	46
196	28	12
196	29	13
196	30	19
196	31	12
196	32	11
196	33	30
196	34	16
196	35	21
196	36	8
196	37	38
196	38	32
196	39	113
197	12	720
197	13	750
197	14	1750
197	15	2239
197	16	1917
197	17	533
197	18	35
197	19	5
197	24	90
197	25	36
197	26	44
197	27	60
197	28	17
197	29	14
197	30	18
197	31	9
197	32	8
197	33	35
197	34	14
197	35	20
197	36	2
197	37	38
197	38	54
197	39	101
198	12	728
198	13	825
198	14	1772
198	15	2183
198	16	1832
198	17	507
198	18	35
198	19	4
198	24	93
198	25	42
198	26	39
198	27	49
198	28	17
198	29	14
198	30	10
198	31	13
198	32	10
198	33	28
198	34	15
198	35	16
198	36	8
198	37	43
198	38	43
198	39	107
199	12	752
199	13	768
199	14	1749
199	15	2349
199	16	1795
199	17	439
199	18	37
199	19	4
199	24	92
199	25	42
199	26	44
199	27	58
199	28	13
199	29	10
199	30	14
199	31	8
199	32	4
199	33	28
199	34	13
199	35	12
199	36	8
199	37	37
199	38	30
199	39	101
200	12	766
200	13	787
200	14	1800
200	15	2378
200	16	2011
200	17	436
200	18	25
200	19	1
200	24	109
200	25	30
200	26	37
200	27	56
200	28	13
200	29	13
200	30	19
200	31	20
200	32	12
200	33	34
200	34	14
200	35	19
200	36	6
200	37	34
200	38	52
200	39	92
201	12	801
201	13	799
201	14	1785
201	15	2439
201	16	1911
201	17	406
201	18	23
201	19	1
201	24	86
201	25	36
201	26	44
201	27	52
201	28	11
201	29	14
201	30	17
201	31	13
201	32	5
201	33	25
201	34	13
201	35	15
201	36	8
201	37	51
201	38	54
201	39	106
202	12	798
202	13	853
202	14	1864
202	15	2449
202	16	1949
202	17	383
202	18	22
202	24	82
202	25	44
202	26	43
202	27	58
202	28	17
202	29	16
202	30	22
202	31	8
202	32	10
202	33	26
202	34	16
202	35	20
202	36	9
202	37	46
202	38	36
202	39	121
203	12	766
203	13	868
203	14	1960
203	15	2594
203	16	2063
203	17	394
203	18	20
203	19	2
203	24	102
203	25	28
203	26	46
203	27	56
203	28	19
203	29	16
203	30	30
203	31	9
203	32	6
203	33	27
203	34	13
203	35	17
203	36	6
203	37	45
203	38	33
203	39	89
204	12	757
204	13	831
204	14	1807
204	15	2362
204	16	1853
204	17	312
204	18	15
204	24	113
204	25	25
204	26	36
204	27	38
204	28	13
204	29	12
204	30	10
204	31	12
204	32	8
204	33	21
204	34	9
204	35	13
204	36	6
204	37	43
204	38	47
204	39	91
205	12	781
205	13	849
205	14	1911
205	15	2427
205	16	1844
205	17	316
205	18	11
205	24	104
205	25	27
205	26	47
205	27	58
205	28	16
205	29	5
205	30	13
205	31	7
205	32	10
205	33	38
205	34	20
205	35	25
205	36	6
205	37	42
205	38	46
205	39	86
206	12	733
206	13	830
206	14	1835
206	15	2414
206	16	1872
206	17	262
206	18	17
206	24	95
206	25	32
206	26	38
206	27	62
206	28	20
206	29	5
206	30	16
206	31	5
206	32	5
206	33	39
206	34	13
206	35	16
206	36	5
206	37	42
206	38	40
206	39	79
207	12	718
207	13	853
207	14	1960
207	15	2461
207	16	1928
207	17	244
207	18	10
207	24	119
207	25	27
207	26	43
207	27	57
207	28	10
207	29	11
207	30	17
207	31	7
207	32	6
207	33	24
207	34	16
207	35	14
207	36	2
207	37	45
207	38	47
207	39	90
208	12	776
208	13	875
208	14	1971
208	15	2477
208	16	1743
208	17	197
208	18	7
208	24	98
208	25	36
208	26	40
208	27	71
208	28	11
208	29	12
208	30	19
208	31	9
208	32	6
208	33	30
208	34	12
208	35	12
208	36	8
208	37	41
208	38	42
208	39	104
209	12	772
209	13	881
209	14	1924
209	15	2344
209	16	1710
209	17	182
209	18	10
209	24	117
209	25	30
209	26	41
209	27	60
209	28	16
209	29	9
209	30	12
209	31	7
209	32	10
209	33	27
209	34	13
209	35	15
209	36	7
209	37	39
209	38	43
209	39	122
210	12	769
210	13	913
210	14	2011
210	15	2524
210	16	1738
210	17	152
210	18	3
210	24	130
210	25	40
210	26	41
210	27	47
210	28	14
210	29	6
210	30	14
210	31	6
210	32	9
210	33	29
210	34	7
210	35	15
210	36	14
210	37	26
210	38	43
210	39	102
211	12	809
211	13	928
211	14	2171
211	15	2696
211	16	1873
211	17	174
211	18	2
211	24	141
211	25	41
211	26	47
211	27	77
211	28	9
211	29	11
211	30	11
211	31	12
211	32	9
211	33	25
211	34	12
211	35	17
211	36	1
211	37	39
211	38	48
211	39	96
212	12	803
212	13	945
212	14	2012
212	15	2621
212	16	1650
212	17	141
212	18	6
212	24	96
212	25	37
212	26	42
212	27	49
212	28	14
212	29	11
212	30	10
212	31	13
212	32	9
212	33	27
212	34	16
212	35	14
212	36	7
212	37	35
212	38	41
212	39	107
213	12	822
213	13	906
213	14	2061
213	15	2588
213	16	1578
213	17	97
213	18	4
213	24	100
213	25	31
213	26	43
213	27	55
213	28	12
213	29	8
213	30	12
213	31	11
213	32	14
213	33	39
213	34	13
213	35	13
213	36	8
213	37	34
213	38	31
213	39	99
214	12	785
214	13	944
214	14	2081
214	15	2926
214	16	1657
214	17	111
214	24	147
214	25	42
214	26	42
214	27	47
214	28	14
214	29	7
214	30	11
214	31	8
214	32	11
214	33	33
214	34	13
214	35	16
214	36	8
214	37	31
214	38	35
214	39	93
215	12	815
215	13	965
215	14	2127
215	15	2908
215	16	1520
215	17	102
215	24	122
215	25	19
215	26	60
215	27	49
215	28	13
215	29	8
215	30	11
215	31	7
215	32	6
215	33	43
215	34	11
215	35	9
215	36	4
215	37	26
215	38	40
215	39	105
216	12	805
216	13	938
216	14	2076
216	15	2578
216	16	1521
216	17	81
216	18	2
216	24	115
216	25	40
216	26	41
216	27	56
216	28	17
216	29	10
216	30	11
216	31	5
216	32	9
216	33	31
216	34	12
216	35	13
216	36	7
216	37	39
216	38	43
216	39	88
217	12	855
217	13	956
217	14	2099
217	15	2539
217	16	1459
217	17	67
217	24	101
217	25	34
217	26	44
217	27	40
217	28	15
217	29	9
217	30	9
217	31	5
217	32	10
217	33	32
217	34	17
217	35	10
217	36	9
217	37	44
217	38	41
217	39	109
218	12	853
218	13	972
218	14	2165
218	15	2934
218	16	1476
218	17	54
218	24	138
218	25	44
218	26	36
218	27	45
218	28	12
218	29	2
218	30	14
218	31	8
218	32	7
218	33	27
218	34	6
218	35	17
218	36	6
218	37	39
218	38	41
218	39	90
219	12	769
219	13	949
219	14	2137
219	15	2881
219	16	1403
219	17	50
219	18	2
219	24	134
219	25	48
219	26	47
219	27	53
219	28	25
219	29	7
219	30	8
219	31	14
219	32	7
219	33	30
219	34	8
219	35	9
219	36	7
219	37	43
219	38	40
219	39	122
220	12	878
220	13	955
220	14	2139
220	15	2736
220	16	1247
220	17	39
220	18	1
220	24	94
220	25	37
220	26	38
220	27	43
220	28	13
220	29	4
220	30	10
220	31	9
220	32	5
220	33	35
220	34	14
220	35	20
220	36	4
220	37	43
220	38	37
220	39	114
221	12	784
221	13	976
221	14	2163
221	15	2813
221	16	1202
221	17	37
221	18	1
221	24	118
221	25	39
221	26	57
221	27	47
221	28	9
221	29	9
221	30	10
221	31	6
221	32	7
221	33	31
221	34	12
221	35	15
221	36	6
221	37	47
221	38	33
221	39	90
222	12	814
222	13	982
222	14	2174
222	15	2932
222	16	1181
222	17	24
222	24	128
222	25	31
222	26	49
222	27	49
222	28	12
222	29	4
222	30	8
222	31	5
222	32	4
222	33	32
222	34	15
222	35	13
222	36	4
222	37	28
222	38	47
222	39	84
223	12	831
223	13	1041
223	14	2296
223	15	3268
223	16	1382
223	17	28
223	18	1
223	24	130
223	25	50
223	26	34
223	27	57
223	28	16
223	29	10
223	30	11
223	31	10
223	32	7
223	33	36
223	34	17
223	35	16
223	36	10
223	37	35
223	38	52
223	39	107
224	12	837
224	13	1083
224	14	2278
224	15	3098
224	16	1194
224	17	17
224	24	141
224	25	40
224	26	62
224	27	49
224	28	14
224	29	8
224	30	9
224	31	9
224	32	8
224	33	36
224	34	15
224	35	14
224	36	5
224	37	30
224	38	56
224	39	87
225	12	809
225	13	972
225	14	2221
225	15	3045
225	16	1011
225	17	13
225	18	1
225	24	134
225	25	32
225	26	44
225	27	52
225	28	22
225	29	7
225	30	5
225	31	7
225	32	6
225	33	28
225	34	17
225	35	11
225	36	8
225	37	26
225	38	48
225	39	87
226	12	838
226	13	1034
226	14	2165
226	15	2787
226	16	919
226	17	11
226	24	101
226	25	44
226	26	50
226	27	35
226	28	15
226	29	3
226	30	7
226	31	6
226	32	12
226	33	29
226	34	13
226	35	16
226	36	9
226	37	42
226	38	41
226	39	105
227	12	833
227	13	1082
227	14	2376
227	15	3220
227	16	1057
227	17	9
227	24	120
227	25	42
227	26	44
227	27	48
227	28	23
227	29	4
227	30	6
227	31	6
227	32	7
227	33	34
227	34	15
227	35	8
227	36	5
227	37	50
227	38	46
227	39	79
228	12	833
228	13	1015
228	14	2302
228	15	3220
228	16	897
228	17	9
228	24	145
228	25	32
228	26	44
228	27	40
228	28	11
228	29	6
228	30	6
228	31	10
228	32	7
228	33	37
228	34	8
228	35	12
228	36	8
228	37	41
228	38	44
228	39	103
229	12	818
229	13	1035
229	14	2344
229	15	3070
229	16	842
229	17	6
229	24	114
229	25	47
229	26	37
229	27	40
229	28	17
229	29	4
229	30	5
229	31	7
229	32	6
229	33	32
229	34	17
229	35	15
229	36	4
229	37	33
229	38	59
229	39	87
230	12	773
230	13	983
230	14	2295
230	15	2988
230	16	729
230	17	3
230	24	110
230	25	42
230	26	54
230	27	35
230	28	10
230	29	3
230	30	2
230	31	9
230	32	11
230	33	35
230	34	12
230	35	9
230	36	10
230	37	36
230	38	49
230	39	92
231	12	805
231	13	1012
231	14	2354
231	15	3153
231	16	714
231	17	5
231	24	124
231	25	40
231	26	40
231	27	49
231	28	16
231	29	2
231	30	3
231	31	12
231	32	13
231	33	37
231	34	14
231	35	8
231	36	6
231	37	34
231	38	38
231	39	88
232	12	804
232	13	1075
232	14	2441
232	15	3171
232	16	679
232	17	2
232	24	129
232	25	35
232	26	44
232	27	40
232	28	22
232	29	2
232	30	13
232	31	3
232	32	7
232	33	28
232	34	18
232	35	18
232	36	3
232	37	47
232	38	39
232	39	76
233	12	814
233	13	1001
233	14	2281
233	15	2862
233	16	615
233	17	4
233	24	111
233	25	36
233	26	50
233	27	36
233	28	18
233	29	1
233	30	6
233	31	8
233	32	10
233	33	41
233	34	20
233	35	7
233	36	4
233	37	45
233	38	48
233	39	103
234	12	728
234	13	977
234	14	2393
234	15	3105
234	16	549
234	17	4
234	24	137
234	25	34
234	26	51
234	27	30
234	28	13
234	29	3
234	30	10
234	31	13
234	32	10
234	33	36
234	34	13
234	35	8
234	36	9
234	37	46
234	38	44
234	39	74
235	12	807
235	13	1096
235	14	2351
235	15	3440
235	16	631
235	17	2
235	24	137
235	25	42
235	26	35
235	27	31
235	28	18
235	29	4
235	30	10
235	31	5
235	32	8
235	33	37
235	34	22
235	35	9
235	36	7
235	37	41
235	38	46
235	39	107
236	12	801
236	13	1025
236	14	2376
236	15	3307
236	16	524
236	17	1
236	24	120
236	25	39
236	26	40
236	27	34
236	28	16
236	29	8
236	30	11
236	31	4
236	32	8
236	33	30
236	34	15
236	35	13
236	36	7
236	37	40
236	38	63
236	39	91
237	12	771
237	13	962
237	14	2349
237	15	3183
237	16	409
237	24	106
237	25	40
237	26	48
237	27	32
237	28	13
237	29	5
237	30	8
237	31	3
237	32	10
237	33	33
237	34	16
237	35	11
237	36	7
237	37	56
237	38	53
237	39	78
238	12	801
238	13	967
238	14	2336
238	15	3141
238	16	401
238	17	1
238	24	112
238	25	34
238	26	36
238	27	37
238	28	13
238	29	2
238	30	6
238	31	3
238	32	9
238	33	57
238	34	15
238	35	16
238	36	4
238	37	51
238	38	48
238	39	97
239	12	775
239	13	1029
239	14	2443
239	15	3353
239	16	433
239	17	1
239	24	114
239	25	49
239	26	63
239	27	33
239	28	12
239	29	5
239	30	9
239	31	10
239	32	11
239	33	45
239	34	12
239	35	12
239	36	6
239	37	48
239	38	67
239	39	83
240	12	676
240	13	957
240	14	2216
240	15	2944
240	16	332
240	24	109
240	25	40
240	26	37
240	27	32
240	28	12
240	30	9
240	31	9
240	32	8
240	33	36
240	34	16
240	35	13
240	36	3
240	37	45
240	38	48
240	39	82
241	12	735
241	13	964
241	14	2259
241	15	2905
241	16	304
241	24	109
241	25	43
241	26	42
241	27	23
241	28	10
241	29	4
241	30	5
241	31	4
241	32	12
241	33	41
241	34	10
241	35	7
241	36	8
241	37	42
241	38	56
241	39	57
242	12	689
242	13	926
242	14	2284
242	15	2868
242	16	294
242	24	107
242	25	36
242	26	42
242	27	16
242	28	11
242	29	1
242	30	10
242	31	8
242	32	11
242	33	44
242	34	14
242	35	11
242	36	7
242	37	44
242	38	61
242	39	87
243	12	714
243	13	941
243	14	2300
243	15	2940
243	16	252
243	24	111
243	25	41
243	26	40
243	27	18
243	28	16
243	29	2
243	30	6
243	31	7
243	32	5
243	33	46
243	34	22
243	35	9
243	36	4
243	37	48
243	38	51
243	39	79
244	12	720
244	13	1018
244	14	2369
244	15	3317
244	16	231
244	24	123
244	25	45
244	26	51
244	27	25
244	28	14
244	29	1
244	30	4
244	31	5
244	32	5
244	33	32
244	34	19
244	35	10
244	36	8
244	37	45
244	38	38
244	39	66
245	12	574
245	13	801
245	14	1810
245	15	2345
245	16	140
245	24	86
245	25	27
245	26	43
245	27	13
245	28	9
245	29	2
245	30	5
245	31	6
245	32	7
245	33	37
245	34	18
245	35	7
245	36	7
245	37	49
245	38	57
245	39	69
246	12	590
246	13	844
246	14	2022
246	15	3084
246	16	205
246	17	1
246	24	83
246	25	44
246	26	49
246	27	21
246	28	15
246	29	5
246	30	8
246	31	9
246	32	9
246	33	37
246	34	5
246	35	8
246	36	9
246	37	49
246	38	52
246	39	78
247	12	607
247	13	848
247	14	2102
247	15	2879
247	16	152
247	24	105
247	25	34
247	26	36
247	27	12
247	28	10
247	29	4
247	30	10
247	31	13
247	32	8
247	33	30
247	34	13
247	35	5
247	36	7
247	37	51
247	38	54
247	39	90
248	12	578
248	13	844
248	14	2166
248	15	2760
248	16	137
248	24	95
248	25	35
248	26	44
248	27	19
248	28	14
248	29	1
248	30	7
248	31	3
248	32	14
248	33	47
248	34	13
248	35	10
248	36	10
248	37	76
248	38	71
248	39	70
249	12	2322
249	13	3770
249	14	6678
249	15	11091
249	16	569
249	24	458
249	25	184
249	26	170
249	27	72
249	28	45
249	29	9
249	30	15
249	31	24
249	32	23
249	33	123
249	34	46
249	35	14
249	36	14
249	37	98
249	38	57
249	39	49
