position	quality	count
0	12	21
0	13	31
0	14	205
0	15	204
0	16	50493
0	17	138
0	18	38071
0	19	41
0	20	49
0	21	5
0	24	29
0	25	15
0	26	42
0	27	84
0	28	15
0	29	121869
0	30	22002
0	31	7207
0	32	824862
0	33	773484
0	34	450646
0	35	61906
0	36	9275
0	37	751
0	38	961
0	39	1566
0	40	2
1	12	17
1	13	20
1	14	170
1	15	193
1	16	42520
1	17	158
1	18	28565
1	19	41
1	20	45
1	21	4
1	24	20
1	25	11
1	26	34
1	27	61
1	28	7
1	29	85902
1	30	25761
1	31	12161
1	32	723050
1	33	835126
1	34	508967
1	35	83516
1	36	13872
1	37	817
1	38	995
1	39	1694
1	40	8
2	12	15
2	13	19
2	14	151
2	15	153
2	16	41443
2	17	160
2	18	26282
2	19	40
2	20	43
2	21	1
2	24	18
2	25	12
2	26	25
2	27	53
2	28	12
2	29	61852
2	30	30831
2	31	17033
2	32	688359
2	33	855809
2	34	526184
2	35	95052
2	36	16646
2	37	855
2	38	1015
2	39	1899
2	40	1
3	12	9
3	13	23
3	14	132
3	15	164
3	16	38299
3	17	160
3	18	20693
3	19	45
3	20	48
3	21	4
3	24	14
3	25	12
3	26	22
3	27	39
3	28	6
3	29	55113
3	30	32305
3	31	19416
3	32	684701
3	33	863546
3	34	530684
3	35	97805
3	36	17597
3	37	985
3	38	1085
3	39	1968
3	40	7
4	12	8
4	13	16
4	14	109
4	15	159
4	16	55890
4	17	193
4	18	25024
4	19	54
4	20	38
4	21	6
4	24	13
4	25	7
4	26	16
4	27	41
4	28	10
4	29	57533
4	30	43689
4	31	25381
4	32	672536
4	33	842213
4	34	530405
4	35	91499
4	36	15875
4	37	906
4	38	1123
4	39	2080
4	40	5
5	12	14
5	13	13
5	14	104
5	15	139
5	16	29294
5	17	209
5	18	30381
5	19	7233
5	20	15506
5	21	4
5	24	19
5	25	8
5	26	24
5	27	27
5	28	10
5	29	8860
5	30	5404
5	31	22984
5	32	47617
5	33	153825
5	34	58831
5	35	119222
5	36	1051
5	37	1860599
5	38	1140
5	39	1999
5	40	1
6	12	8
6	13	9
6	14	114
6	15	161
6	16	30345
6	17	552
6	18	31590
6	19	7646
6	20	16439
6	21	5
6	24	21
6	25	1
6	26	23
6	27	43
6	28	13
6	29	8769
6	30	5474
6	31	23617
6	32	47433
6	33	153224
6	34	58213
6	35	121533
6	36	934
6	37	1855200
6	38	1096
6	39	2097
6	40	4
7	12	5
7	13	10
7	14	100
7	15	150
7	16	30031
7	17	707
7	18	30462
7	19	7168
7	20	15726
7	21	5
7	24	14
7	25	12
7	26	32
7	27	43
7	28	11
7	29	8541
7	30	5333
7	31	23750
7	32	48291
7	33	150099
7	34	59183
7	35	122499
7	36	905
7	37	1858304
7	38	1121
7	39	2122
7	40	6
8	12	13
8	13	17
8	14	95
8	15	435
8	16	30595
8	17	950
8	18	31291
8	19	7326
8	20	15802
8	21	9
8	24	20
8	25	8
8	26	34
8	27	52
8	28	9
8	29	8562
8	30	5413
8	31	24491
8	32	47568
8	33	150988
8	34	58708
8	35	123510
8	36	868
8	37	1854598
8	38	1137
8	39	2129
8	40	5
9	12	11
9	13	18
9	14	114
9	15	539
9	16	30245
9	17	1348
9	18	31536
9	19	7683
9	20	16350
9	21	3
9	24	19
9	25	14
9	26	25
9	27	44
9	28	5
9	29	8376
9	30	5378
9	31	24356
9	32	47157
9	33	150751
9	34	59022
9	35	123400
9	36	901
9	37	1853853
9	38	1156
9	39	2152
9	40	6
10	12	12
10	13	14
10	14	112
10	15	545
10	16	30791
10	17	1824
10	18	31153
10	19	7519
10	20	16512
10	21	3
10	24	19
10	25	14
10	26	21
10	27	50
10	28	12
10	29	8669
10	30	5572
10	31	24706
10	32	46983
10	33	151038
10	34	58875
10	35	123934
10	36	900
10	37	1851848
10	38	1228
10	39	2200
10	40	3
11	12	15
11	13	21
11	14	116
11	15	638
11	16	29629
11	17	2205
11	18	30180
11	19	7228
11	20	15583
11	21	4
11	24	19
11	25	12
11	26	22
11	27	40
11	28	8
11	29	8623
11	30	5387
11	31	24480
11	32	47107
11	33	148766
11	34	59611
11	35	124728
11	36	863
11	37	1855723
11	38	1201
11	39	2146
11	40	6
12	12	14
12	13	18
12	14	163
12	15	797
12	16	30696
12	17	2520
12	18	30976
12	19	7486
12	20	10936
12	21	5248
12	24	21
12	25	7
12	26	37
12	27	55
12	28	12
12	29	43
12	30	2376
12	31	26
12	32	35150
12	33	65132
12	34	34768
12	35	33612
12	36	45371
12	37	256947
12	38	1799907
12	39	2221
12	40	6
13	12	5
13	13	19
13	14	209
13	15	904
13	16	30468
13	17	2741
13	18	30972
13	19	7505
13	20	11079
13	21	5331
13	24	17
13	25	5
13	26	27
13	27	49
13	28	11
13	29	53
13	30	2429
13	31	42
13	32	35592
13	33	65831
13	34	34751
13	35	33466
13	36	45051
13	37	257277
13	38	1798409
13	39	2232
13	40	6
14	12	8
14	13	15
14	14	202
14	15	1149
14	16	29438
14	17	2580
14	18	29254
14	19	6882
14	20	10338
14	21	5052
14	24	30
14	25	8
14	26	20
14	27	56
14	28	16
14	29	60
14	30	2215
14	31	40
14	32	34852
14	33	64227
14	34	33527
14	35	32794
14	36	44725
14	37	254225
14	38	1810575
14	39	2280
14	40	9
15	12	9
15	13	14
15	14	218
15	15	1321
15	16	30025
15	17	2764
15	18	30014
15	19	7270
15	20	10883
15	21	5130
15	24	15
15	25	14
15	26	25
15	27	46
15	28	12
15	29	59
15	30	2407
15	31	45
15	32	34696
15	33	63405
15	34	34021
15	35	32930
15	36	44409
15	37	252791
15	38	1809687
15	39	2274
15	40	7
16	12	10
16	13	16
16	14	270
16	15	1535
16	16	29150
16	17	2897
16	18	29966
16	19	7191
16	20	10776
16	21	5113
16	24	18
16	25	17
16	26	38
16	27	45
16	28	11
16	29	47
16	30	2419
16	31	36
16	32	34942
16	33	64379
16	34	34478
16	35	33064
16	36	45209
16	37	254250
16	38	1806115
16	39	2342
16	40	5
17	12	14
17	13	13
17	14	283
17	15	1898
17	16	28765
17	17	2990
17	18	29420
17	19	7400
17	20	11037
17	21	5127
17	24	28
17	25	12
17	26	27
17	27	53
17	28	12
17	29	55
17	30	2460
17	31	56
17	32	34815
17	33	64499
17	34	34126
17	35	32829
17	36	45165
17	37	254337
17	38	1806436
17	39	2383
17	40	5
18	12	14
18	13	13
18	14	316
18	15	2185
18	16	28249
18	17	2886
18	18	29462
18	19	6902
18	20	10260
18	21	4972
18	24	35
18	25	9
18	26	29
18	27	58
18	28	15
18	29	69
18	30	2427
18	31	67
18	32	35480
18	33	65504
18	34	34037
18	35	32434
18	36	45354
18	37	257141
18	38	1804408
18	39	2337
18	40	7
19	12	13
19	13	18
19	14	347
19	15	2657
19	16	28117
19	17	3013
19	18	29078
19	19	7117
19	20	10546
19	21	4869
19	24	29
19	25	13
19	26	31
19	27	62
19	28	10
19	29	70
19	30	2422
19	31	66
19	32	34988
19	33	64895
19	34	33362
19	35	32513
19	36	45167
19	37	254224
19	38	1808204
19	39	2126
19	40	6
20	12	16
20	13	14
20	14	368
20	15	3255
20	16	27846
20	17	3095
20	18	29457
20	19	7058
20	20	10782
20	21	5034
20	24	18
20	25	8
20	26	24
20	27	52
20	28	13
20	29	82
20	30	2400
20	31	80
20	32	35498
20	33	65035
20	34	34276
20	35	32732
20	36	44850
20	37	255290
20	38	1804380
20	39	1985
20	40	4
21	12	16
21	13	22
21	14	386
21	15	4157
21	16	27876
21	17	3310
21	18	30528
21	19	7286
21	20	11085
21	21	5180
21	24	26
21	25	13
21	26	29
21	27	46
21	28	10
21	29	97
21	30	2510
21	31	96
21	32	36180
21	33	66265
21	34	35622
21	35	33439
21	36	45675
21	37	257614
21	38	1794259
21	39	1795
21	40	7
22	12	15
22	13	21
22	14	426
22	15	5090
22	16	27223
22	17	3468
22	18	30780
22	19	7578
22	20	11575
22	21	5365
22	24	28
22	25	14
22	26	31
22	27	38
22	28	12
22	29	83
22	30	2502
22	31	102
22	32	35751
22	33	54636
22	34	32060
22	35	50780
22	36	45991
22	37	259271
22	38	387587
22	39	1402806
22	40	10
23	12	17
23	13	13
23	14	465
23	15	5630
23	16	24555
23	17	3579
23	18	27962
23	19	6700
23	20	10333
23	21	4734
23	24	28
23	25	16
23	26	19
23	27	56
23	28	15
23	29	123
23	30	2311
23	31	138
23	32	34274
23	33	51355
23	34	30341
23	35	49405
23	36	45756
23	37	255726
23	38	390826
23	39	1419130
23	40	4
24	12	11
24	13	16
24	14	489
24	15	7133
24	16	24027
24	17	3969
24	18	28880
24	19	6876
24	20	10990
24	21	4922
24	24	24
24	25	13
24	26	28
24	27	55
24	28	13
24	29	93
24	30	2601
24	31	155
24	32	33616
24	33	53296
24	34	32068
24	35	49392
24	36	45172
24	37	258366
24	38	391505
24	39	1409725
24	40	5
25	12	19
25	13	16
25	14	478
25	15	8268
25	16	22734
25	17	5016
25	18	28966
25	19	10044
25	20	16706
25	21	7580
25	24	19
25	25	11
25	26	25
25	27	59
25	28	7
25	29	119
25	30	2589
25	31	172
25	32	35044
25	33	54210
25	34	33063
25	35	50242
25	36	45460
25	37	259753
25	38	388619
25	39	1392406
25	40	5
26	12	19
26	13	20
26	14	573
26	15	9368
26	16	21358
26	17	5370
26	18	28547
26	19	10175
26	20	16492
26	21	7802
26	24	22
26	25	16
26	26	30
26	27	46
26	28	10
26	29	122
26	30	2506
26	31	197
26	32	35465
26	33	55337
26	34	32605
26	35	51225
26	36	45772
26	37	260489
26	38	388375
26	39	1390029
26	40	4
27	12	20
27	13	24
27	14	618
27	15	10303
27	16	19422
27	17	5716
27	18	27295
27	19	10014
27	20	16554
27	21	7287
27	24	26
27	25	11
27	26	27
27	27	53
27	28	6
27	29	127
27	30	2441
27	31	181
27	32	35690
27	33	54274
27	34	31689
27	35	50967
27	36	45541
27	37	258735
27	38	388600
27	39	1396253
27	40	4
28	12	17
28	13	22
28	14	670
28	15	10998
28	16	19280
28	17	6211
28	18	27124
28	19	9985
28	20	16971
28	21	7248
28	24	29
28	25	15
28	26	27
28	27	63
28	28	14
28	29	114
28	30	2525
28	31	239
28	32	35770
28	33	54699
28	34	31669
28	35	51335
28	36	45377
28	37	258246
28	38	385836
28	39	1397369
28	40	4
29	12	18
29	13	22
29	14	710
29	15	11078
29	16	18613
29	17	6153
29	18	26432
29	19	9165
29	20	16020
29	21	7007
29	24	21
29	25	10
29	26	28
29	27	72
29	28	16
29	29	135
29	30	2444
29	31	234
29	32	35378
29	33	53965
29	34	30965
29	35	50800
29	36	45402
29	37	256205
29	38	388011
29	39	1403173
29	40	2
30	12	17
30	13	22
30	14	716
30	15	10930
30	16	18780
30	17	6822
30	18	26234
30	19	9239
30	20	17008
30	21	6794
30	24	21
30	25	14
30	26	33
30	27	63
30	28	8
30	29	169
30	30	2552
30	31	282
30	32	35745
30	33	54175
30	34	31242
30	35	50271
30	36	44980
30	37	256384
30	38	386626
30	39	1402712
30	40	5
31	12	15
31	13	20
31	14	730
31	15	10795
31	16	17807
31	17	6947
31	18	25099
31	19	8031
31	20	15856
31	21	6259
31	24	30
31	25	16
31	26	32
31	27	83
31	28	19
31	29	153
31	30	2366
31	31	255
31	32	35180
31	33	52822
31	34	30925
31	35	50130
31	36	44701
31	37	253766
31	38	388775
31	39	1411324
31	40	2
32	12	13
32	13	22
32	14	858
32	15	10694
32	16	18655
32	17	7922
32	18	25319
32	19	8636
32	20	16657
32	21	6542
32	24	25
32	25	17
32	26	30
32	27	74
32	28	10
32	29	145
32	30	2493
32	31	294
32	32	35017
32	33	53807
32	34	31395
32	35	49868
32	36	44548
32	37	255364
32	38	386134
32	39	1407118
32	40	4
33	12	17
33	13	22
33	14	877
33	15	10601
33	16	18222
33	17	8508
33	18	24171
33	19	7802
33	20	16500
33	21	6183
33	24	32
33	25	19
33	26	32
33	27	85
33	28	14
33	29	177
33	30	2471
33	31	337
33	32	34417
33	33	52549
33	34	31126
33	35	49792
33	36	44411
33	37	253896
33	38	386669
33	39	1412932
33	40	6
34	12	15
34	13	20
34	14	1036
34	15	10758
34	16	18957
34	17	9899
34	18	24468
34	19	8117
34	20	17915
34	21	6282
34	24	37
34	25	16
34	26	27
34	27	99
34	28	17
34	29	157
34	30	2589
34	31	343
34	32	35313
34	33	54137
34	34	31665
34	35	50157
34	36	44332
34	37	255550
34	38	386004
34	39	1403560
34	40	1
35	12	24
35	13	27
35	14	1058
35	15	10407
35	16	18417
35	17	10591
35	18	23080
35	19	6782
35	20	16375
35	21	5662
35	24	25
35	25	13
35	26	39
35	27	86
35	28	22
35	29	157
35	30	2529
35	31	328
35	32	34649
35	33	52961
35	34	31283
35	35	49238
35	36	44571
35	37	253226
35	38	388238
35	39	1412078
35	40	2
36	12	28
36	13	29
36	14	1122
36	15	10746
36	16	19061
36	17	12200
36	18	22795
36	19	6552
36	20	17847
36	21	5595
36	24	26
36	25	15
36	26	40
36	27	90
36	28	17
36	29	197
36	30	2614
36	31	380
36	32	34491
36	33	52830
36	34	31707
36	35	49435
36	36	44273
36	37	254256
36	38	387241
36	39	1407923
36	40	1
37	12	20
37	13	32
37	14	1324
37	15	11195
37	16	20033
37	17	14432
37	18	23115
37	19	6464
37	20	19885
37	21	5643
37	24	37
37	25	10
37	26	32
37	27	119
37	28	24
37	29	182
37	30	2698
37	31	402
37	32	35427
37	33	55074
37	34	32514
37	35	50909
37	36	44762
37	37	257694
37	38	386329
37	39	1392830
37	40	1
38	12	30
38	13	25
38	14	1431
38	15	10448
38	16	19564
38	17	15209
38	18	20869
38	19	5080
38	20	18810
38	21	4859
38	24	30
38	25	16
38	26	38
38	27	117
38	28	13
38	29	197
38	30	2578
38	31	403
38	32	35265
38	33	53449
38	34	31524
38	35	49845
38	36	44770
38	37	256847
38	38	390267
38	39	1399858
38	40	1
39	12	27
39	13	33
39	14	1469
39	15	10020
39	16	19109
39	17	16419
39	18	18878
39	19	3968
39	20	17967
39	21	4105
39	24	31
39	25	12
39	26	35
39	27	114
39	28	25
39	29	213
39	30	2530
39	31	437
39	32	34288
39	33	52439
39	34	30766
39	35	49315
39	36	44768
39	37	254715
39	38	390808
39	39	1409207
40	12	32
40	13	37
40	14	1551
40	15	9910
40	16	19633
40	17	18845
40	18	17960
40	19	3278
40	20	19150
40	21	3721
40	24	31
40	25	17
40	26	39
40	27	115
40	28	16
40	29	206
40	30	2644
40	31	502
40	32	34534
40	33	52706
40	34	31344
40	35	49195
40	36	44510
40	37	254002
40	38	386676
40	39	1410952
40	40	4
41	12	31
41	13	37
41	14	1807
41	15	9949
41	16	20588
41	17	21428
41	18	16633
41	19	2406
41	20	20538
41	21	3346
41	24	39
41	25	21
41	26	37
41	27	135
41	28	33
41	29	183
41	30	2768
41	31	535
41	32	34762
41	33	53612
41	34	31798
41	35	49988
41	36	44684
41	37	255522
41	38	387368
41	39	1403213
41	40	4
42	12	37
42	13	25
42	14	1968
42	15	9670
42	16	20229
42	17	23362
42	18	14613
42	19	1536
42	20	19993
42	21	2583
42	24	30
42	25	24
42	26	40
42	27	140
42	28	29
42	29	215
42	30	2529
42	31	472
42	32	34139
42	33	52870
42	34	31396
42	35	49316
42	36	44283
42	37	254314
42	38	390254
42	39	1407490
42	40	6
43	12	31
43	13	33
43	14	2178
43	15	9360
43	16	19982
43	17	24988
43	18	12719
43	19	882
43	20	20363
43	21	1929
43	24	32
43	25	23
43	26	41
43	27	144
43	28	27
43	29	237
43	30	2682
43	31	528
43	32	33548
43	33	52564
43	34	30838
43	35	48327
43	36	44623
43	37	253601
43	38	388976
43	39	1412933
43	40	1
44	12	39
44	13	46
44	14	2516
44	15	9614
44	16	20950
44	17	27592
44	18	11619
44	19	512
44	20	22185
44	21	1350
44	24	32
44	25	23
44	26	46
44	27	167
44	28	30
44	29	247
44	30	2735
44	31	487
44	32	34477
44	33	53512
44	34	11517
44	35	47530
44	36	66602
44	37	254307
44	38	386339
44	39	1406812
44	40	4
45	12	41
45	13	48
45	14	2770
45	15	9252
45	16	20803
45	17	28865
45	18	10283
45	19	257
45	20	22677
45	21	926
45	24	33
45	25	16
45	26	51
45	27	186
45	28	42
45	29	287
45	30	2656
45	31	544
45	32	34292
45	33	53345
45	34	11171
45	35	46989
45	36	66204
45	37	254626
45	38	388019
45	39	1406828
45	40	3
46	12	58
46	13	42
46	14	3007
46	15	8815
46	16	21203
46	17	29971
46	18	9551
46	19	124
46	20	22875
46	21	651
46	24	24
46	25	20
46	26	54
46	27	208
46	28	36
46	29	268
46	30	2725
46	31	644
46	32	34289
46	33	53512
46	34	11495
46	35	47139
46	36	66622
46	37	254676
46	38	387383
46	39	1405816
46	40	4
47	12	41
47	13	46
47	14	3263
47	15	8541
47	16	21359
47	17	29965
47	18	8930
47	19	89
47	20	22425
47	21	432
47	24	32
47	25	29
47	26	39
47	27	198
47	28	50
47	29	292
47	30	2850
47	31	603
47	32	33833
47	33	52704
47	34	11132
47	35	47098
47	36	65968
47	37	252901
47	38	387129
47	39	1411255
47	40	5
48	12	35
48	13	62
48	14	3579
48	15	8526
48	16	21605
48	17	30500
48	18	8768
48	19	65
48	20	23161
48	21	363
48	24	39
48	25	28
48	26	36
48	27	195
48	28	46
48	29	284
48	30	2700
48	31	623
48	32	34145
48	33	53720
48	34	11513
48	35	46897
48	36	66267
48	37	254821
48	38	388104
48	39	1405098
48	40	2
49	12	48
49	13	62
49	14	3736
49	15	8004
49	16	20926
49	17	29388
49	18	8690
49	19	46
49	20	22137
49	21	265
49	24	40
49	25	26
49	26	57
49	27	188
49	28	46
49	29	314
49	30	2730
49	31	633
49	32	33702
49	33	52728
49	34	11196
49	35	46242
49	36	65451
49	37	252725
49	38	388406
49	39	1413544
49	40	9
50	12	46
50	13	57
50	14	4176
50	15	7867
50	16	21752
50	17	30422
50	18	8904
50	19	38
50	20	23829
50	21	155
50	24	41
50	25	25
50	26	57
50	27	213
50	28	40
50	29	308
50	30	2854
50	31	711
50	32	34277
50	33	53010
50	34	11730
50	35	46909
50	36	66168
50	37	253370
50	38	385636
50	39	1408455
50	40	5
51	12	49
51	13	53
51	14	4547
51	15	7371
51	16	21411
51	17	30309
51	18	8747
51	19	15
51	20	23263
51	21	72
51	24	41
51	25	25
51	26	58
51	27	219
51	28	54
51	29	349
51	30	2877
51	31	689
51	32	34064
51	33	52907
51	34	11260
51	35	46994
51	36	66328
51	37	253801
51	38	388362
51	39	1407260
51	40	8
52	12	46
52	13	57
52	14	4924
52	15	7536
52	16	22097
52	17	30578
52	18	8734
52	19	13
52	20	24028
52	21	13
52	24	42
52	25	28
52	26	46
52	27	241
52	28	51
52	29	361
52	30	2996
52	31	732
52	32	34029
52	33	53448
52	34	11347
52	35	47244
52	36	66155
52	37	254253
52	38	387155
52	39	1404776
52	40	8
53	12	47
53	13	65
53	14	5079
53	15	6868
53	16	21313
53	17	28972
53	18	8613
53	19	20
53	20	22691
53	21	1
53	24	40
53	25	26
53	26	47
53	27	252
53	28	61
53	29	363
53	30	3082
53	31	760
53	32	33458
53	33	52041
53	34	11176
53	35	46038
53	36	65371
53	37	252039
53	38	390064
53	39	1412797
53	40	8
54	12	49
54	13	77
54	14	5371
54	15	6822
54	16	21571
54	17	28803
54	18	8492
54	19	20
54	20	22202
54	24	54
54	25	33
54	26	52
54	27	261
54	28	65
54	29	390
54	30	2870
54	31	795
54	32	33168
54	33	52471
54	34	11434
54	35	46171
54	36	65800
54	37	251887
54	38	386734
54	39	1415701
54	40	12
55	12	57
55	13	78
55	14	5756
55	15	6614
55	16	22456
55	17	29582
55	18	9003
55	19	24
55	20	23475
55	24	47
55	25	36
55	26	66
55	27	270
55	28	62
55	29	400
55	30	2982
55	31	851
55	32	33549
55	33	53378
55	34	11646
55	35	46852
55	36	65957
55	37	253859
55	38	387718
55	39	1406107
55	40	9
56	12	62
56	13	89
56	14	5887
56	15	6734
56	16	22637
56	17	29465
56	18	9237
56	19	27
56	20	23875
56	24	47
56	25	27
56	26	59
56	27	282
56	28	61
56	29	429
56	30	3122
56	31	890
56	32	34188
56	33	53967
56	34	11528
56	35	47343
56	36	66442
56	37	255497
56	38	389319
56	39	1399635
56	40	11
57	12	62
57	13	79
57	14	6283
57	15	6382
57	16	22514
57	17	29426
57	18	7845
57	19	1308
57	20	23800
57	24	40
57	25	31
57	26	72
57	27	288
57	28	86
57	29	426
57	30	3196
57	31	915
57	32	33621
57	33	53303
57	34	11465
57	35	46700
57	36	66910
57	37	254859
57	38	363033
57	39	1337530
57	40	90680
58	12	70
58	13	91
58	14	6407
58	15	6652
58	16	23576
58	17	30682
58	18	8506
58	19	1344
58	20	25145
58	24	43
58	25	36
58	26	76
58	27	280
58	28	59
58	29	488
58	30	3205
58	31	1020
58	32	34648
58	33	55304
58	34	11663
58	35	47320
58	36	67189
58	37	257654
58	38	363772
58	39	1327925
58	40	87434
59	12	80
59	13	92
59	14	6313
59	15	6219
59	16	22492
59	17	28256
59	18	7769
59	19	1392
59	20	23201
59	24	46
59	25	41
59	26	74
59	27	318
59	28	68
59	29	510
59	30	3119
59	31	1075
59	32	33536
59	33	53401
59	34	11467
59	35	46601
59	36	66403
59	37	255385
59	38	365343
59	39	1342562
59	40	85227
60	12	78
60	13	102
60	14	6588
60	15	6506
60	16	23118
60	17	29094
60	18	8220
60	19	1383
60	20	24071
60	24	48
60	25	59
60	26	73
60	27	309
60	28	70
60	29	519
60	30	3220
60	31	1119
60	32	33951
60	33	53593
60	34	11483
60	35	46459
60	36	66528
60	37	255139
60	38	361869
60	39	1345159
60	40	81842
61	12	79
61	13	101
61	14	6219
61	15	6327
61	16	22815
61	17	28194
61	18	7855
61	19	1452
61	20	23043
61	24	50
61	25	38
61	26	110
61	27	339
61	28	84
61	29	599
61	30	3145
61	31	1187
61	32	32901
61	33	52904
61	34	11298
61	35	46161
61	36	66505
61	37	253850
61	38	364440
61	39	1352975
61	40	78107
62	12	95
62	13	103
62	14	6418
62	15	6268
62	16	23011
62	17	27664
62	18	7577
62	19	1492
62	20	22977
62	24	61
62	25	49
62	26	81
62	27	343
62	28	90
62	29	601
62	30	3174
62	31	1227
62	32	32745
62	33	52730
62	34	11288
62	35	45740
62	36	65491
62	37	252687
62	38	361885
62	39	1362127
62	40	74954
63	12	89
63	13	111
63	14	6323
63	15	6364
63	16	23563
63	17	27663
63	18	7946
63	19	1577
63	20	23726
63	24	69
63	25	44
63	26	89
63	27	383
63	28	93
63	29	584
63	30	3330
63	31	1347
63	32	33074
63	33	53143
63	34	11418
63	35	45610
63	36	65918
63	37	252850
63	38	363615
63	39	1361544
63	40	70151
64	12	86
64	13	136
64	14	6570
64	15	6563
64	16	23913
64	17	27510
64	18	8107
64	19	1599
64	20	23756
64	24	64
64	25	52
64	26	82
64	27	375
64	28	106
64	29	654
64	30	3193
64	31	1511
64	32	32785
64	33	53949
64	34	11485
64	35	46288
64	36	65842
64	37	252716
64	38	365103
64	39	1363078
64	40	64969
65	12	93
65	13	127
65	14	6471
65	15	6607
65	16	23737
65	17	27673
65	18	8233
65	19	1604
65	20	24032
65	24	44
65	25	56
65	26	118
65	27	441
65	28	104
65	29	710
65	30	3350
65	31	1602
65	32	32589
65	33	53166
65	34	11677
65	35	46204
65	36	66129
65	37	253691
65	38	366151
65	39	1366118
65	40	59647
66	12	109
66	13	122
66	14	6358
66	15	6542
66	16	23605
66	17	26469
66	18	7800
66	19	1685
66	20	22887
66	24	61
66	25	55
66	26	113
66	27	403
66	28	125
66	29	764
66	30	3397
66	31	1677
66	32	32321
66	33	52802
66	34	11227
66	35	46034
66	36	65900
66	37	253430
66	38	366315
66	39	1375782
66	40	54502
67	12	109
67	13	152
67	14	6641
67	15	6880
67	16	25231
67	17	27459
67	18	8272
67	19	1790
67	20	24089
67	24	65
67	25	62
67	26	106
67	27	443
67	28	132
67	29	810
67	30	3524
67	31	1807
67	32	32504
67	33	54058
67	34	11793
67	35	46222
67	36	66356
67	37	253979
67	38	366558
67	39	1372307
67	40	48919
68	12	123
68	13	155
68	14	6740
68	15	6830
68	16	25661
68	17	27840
68	18	8524
68	19	1870
68	20	25080
68	24	87
68	25	55
68	26	135
68	27	487
68	28	111
68	29	869
68	30	3720
68	31	1950
68	32	33108
68	33	54934
68	34	11680
68	35	47237
68	36	67900
68	37	257662
68	38	367413
68	39	1367030
68	40	42922
69	12	112
69	13	183
69	14	6671
69	15	6946
69	16	25643
69	17	27423
69	18	8445
69	19	1969
69	20	24573
69	24	82
69	25	77
69	26	116
69	27	446
69	28	134
69	29	915
69	30	3552
69	31	2122
69	32	32289
69	33	54877
69	34	11734
69	35	47661
69	36	66733
69	37	257267
69	38	369145
69	39	1374271
69	40	36808
70	12	106
70	13	190
70	14	6889
70	15	7215
70	16	26604
70	17	27783
70	18	8978
70	19	2030
70	20	26134
70	24	78
70	25	95
70	26	133
70	27	484
70	28	115
70	29	1030
70	30	3797
70	31	2363
70	32	33583
70	33	56689
70	34	11775
70	35	48407
70	36	68029
70	37	260248
70	38	371194
70	39	1365053
70	40	30778
71	12	103
71	13	190
71	14	6767
71	15	6792
71	16	25358
71	17	26617
71	18	8269
71	19	2024
71	20	23878
71	24	80
71	25	85
71	26	131
71	27	482
71	28	146
71	29	1031
71	30	3645
71	31	2418
71	32	32501
71	33	54288
71	34	11355
71	35	46825
71	36	67083
71	37	257203
71	38	371449
71	39	1385443
71	40	25984
72	12	115
72	13	195
72	14	6733
72	15	7013
72	16	25491
72	17	26169
72	18	8295
72	19	2118
72	20	23450
72	24	88
72	25	76
72	26	148
72	27	492
72	28	146
72	29	1081
72	30	3678
72	31	2567
72	32	31616
72	33	54150
72	34	11625
72	35	46783
72	36	66553
72	37	256192
72	38	371277
72	39	1393132
72	40	20889
73	12	133
73	13	191
73	14	6668
73	15	6871
73	16	25213
73	17	25682
73	18	8146
73	19	2207
73	20	22719
73	24	74
73	25	90
73	26	165
73	27	548
73	28	142
73	29	1140
73	30	3823
73	31	2868
73	32	30276
73	33	53317
73	34	11483
73	35	45385
73	36	65965
73	37	254633
73	38	372945
73	39	1403105
73	40	16299
74	12	119
74	13	213
74	14	6715
74	15	7029
74	16	25912
74	17	26272
74	18	8155
74	19	2252
74	20	23557
74	24	82
74	25	91
74	26	163
74	27	534
74	28	166
74	29	1261
74	30	3989
74	31	3036
74	32	30448
74	33	54260
74	34	11519
74	35	45957
74	36	66249
74	37	253796
74	38	370885
74	39	1405103
74	40	12181
75	12	123
75	13	210
75	14	7040
75	15	6969
75	16	26516
75	17	26707
75	18	8594
75	19	2396
75	20	24546
75	24	90
75	25	110
75	26	163
75	27	615
75	28	155
75	29	1330
75	30	3999
75	31	3322
75	32	30538
75	33	55158
75	34	11740
75	35	46460
75	36	66939
75	37	256642
75	38	373832
75	39	1396821
75	40	8612
76	12	131
76	13	227
76	14	7048
76	15	7524
76	16	27147
76	17	26782
76	18	8833
76	19	2497
76	20	25360
76	24	103
76	25	111
76	26	154
76	27	591
76	28	181
76	29	1481
76	30	4243
76	31	3618
76	32	30441
76	33	55809
76	34	11732
76	35	47142
76	36	67540
76	37	256600
76	38	375258
76	39	1393045
76	40	5787
77	12	158
77	13	217
77	14	6495
77	15	6891
77	16	25186
77	17	25228
77	18	8353
77	19	2476
77	20	22495
77	24	110
77	25	116
77	26	186
77	27	646
77	28	178
77	29	1530
77	30	4171
77	31	3903
77	32	29118
77	33	53344
77	34	11504
77	35	45672
77	36	66128
77	37	255011
77	38	377961
77	39	1408932
77	40	3922
78	12	144
78	13	251
78	14	7160
78	15	7271
78	16	26755
78	17	26486
78	18	8858
78	19	2639
78	20	24336
78	24	110
78	25	106
78	26	184
78	27	616
78	28	214
78	29	1644
78	30	4429
78	31	4341
78	32	29963
78	33	55793
78	34	11770
78	35	47009
78	36	67389
78	37	257405
78	38	377103
78	39	1395036
78	40	2428
79	12	140
79	13	230
79	14	6934
79	15	7042
79	16	26242
79	17	26241
79	18	8318
79	19	2834
79	20	22977
79	24	113
79	25	123
79	26	217
79	27	736
79	28	202
79	29	1738
79	30	4434
79	31	4548
79	32	28263
79	33	54540
79	34	11701
79	35	45698
79	36	65074
79	37	256872
79	38	379348
79	39	1403461
79	40	1613
80	12	134
80	13	240
80	14	7079
80	15	7152
80	16	26453
80	17	26143
80	18	8558
80	19	3054
80	20	23376
80	24	121
80	25	126
80	26	188
80	27	699
80	28	189
80	29	1963
80	30	4594
80	31	4933
80	32	27671
80	33	54994
80	34	11914
80	35	45945
80	36	65724
80	37	256736
80	38	379815
80	39	1400592
80	40	943
81	12	177
81	13	242
81	14	6974
81	15	7131
81	16	25347
81	17	25121
81	18	8211
81	19	3035
81	20	21788
81	24	125
81	25	134
81	26	215
81	27	716
81	28	179
81	29	1991
81	30	4482
81	31	5274
81	32	26458
81	33	53508
81	34	11399
81	35	44755
81	36	64846
81	37	254911
81	38	381530
81	39	1410275
81	40	678
82	12	162
82	13	290
82	14	7280
82	15	7414
82	16	27225
82	17	26785
82	18	8942
82	19	3306
82	20	23620
82	24	129
82	25	146
82	26	225
82	27	777
82	28	200
82	29	2111
82	30	4929
82	31	5768
82	32	26576
82	33	55956
82	34	11860
82	35	45923
82	36	66074
82	37	258138
82	38	381022
82	39	1393817
82	40	466
83	12	187
83	13	287
83	14	7488
83	15	7466
83	16	26911
83	17	26680
83	18	8943
83	19	3460
83	20	23500
83	24	125
83	25	166
83	26	225
83	27	759
83	28	202
83	29	2316
83	30	5131
83	31	6487
83	32	26510
83	33	56285
83	34	12013
83	35	46113
83	36	66241
83	37	256822
83	38	383418
83	39	1391149
83	40	266
84	12	199
84	13	298
84	14	7311
84	15	7245
84	16	26793
84	17	26250
84	18	8962
84	19	3576
84	20	22624
84	24	171
84	25	143
84	26	260
84	27	822
84	28	260
84	29	2516
84	30	5140
84	31	6863
84	32	25011
84	33	55282
84	34	11683
84	35	45071
84	36	65653
84	37	256186
84	38	384923
84	39	1395731
84	40	174
85	12	192
85	13	305
85	14	6981
85	15	6933
85	16	24507
85	17	24482
85	18	8269
85	19	3644
85	20	20333
85	24	134
85	25	168
85	26	282
85	27	784
85	28	225
85	29	2592
85	30	4987
85	31	6954
85	32	23425
85	33	53036
85	34	11564
85	35	43668
85	36	64753
85	37	253539
85	38	389419
85	39	1408241
85	40	89
86	12	204
86	13	349
86	14	7333
86	15	7573
86	16	26361
86	17	26470
86	18	9172
86	19	3887
86	20	22293
86	24	134
86	25	176
86	26	247
86	27	837
86	28	200
86	29	2716
86	30	5403
86	31	7968
86	32	23508
86	33	55768
86	34	12068
86	35	45959
86	36	65943
86	37	256787
86	38	384063
86	39	1393548
86	40	35
87	12	188
87	13	314
87	14	7356
87	15	7298
87	16	26049
87	17	25987
87	18	8735
87	19	4131
87	20	21417
87	24	169
87	25	211
87	26	264
87	27	888
87	28	258
87	29	2934
87	30	5487
87	31	8552
87	32	22627
87	33	55574
87	34	11990
87	35	45458
87	36	65042
87	37	255664
87	38	387924
87	39	1394597
87	40	17
88	12	201
88	13	333
88	14	7519
88	15	7457
88	16	26281
88	17	26239
88	18	8819
88	19	4333
88	20	21617
88	24	180
88	25	171
88	26	292
88	27	884
88	28	250
88	29	3030
88	30	5731
88	31	9033
88	32	21112
88	33	55544
88	34	11847
88	35	44984
88	36	65290
88	37	256589
88	38	388943
88	39	1392085
88	40	11
89	12	255
89	13	343
89	14	7188
89	15	7201
89	16	25854
89	17	25552
89	18	8719
89	19	4498
89	20	20171
89	24	182
89	25	184
89	26	306
89	27	947
89	28	231
89	29	3331
89	30	5851
89	31	9771
89	32	19920
89	33	54375
89	34	11847
89	35	44228
89	36	64429
89	37	253590
89	38	388928
89	39	1401059
89	40	4
90	12	265
90	13	364
90	14	7547
90	15	7404
90	16	26245
90	17	26254
90	18	8856
90	19	4842
90	20	21002
90	24	187
90	25	192
90	26	293
90	27	933
90	28	257
90	29	3332
90	30	6018
90	31	10615
90	32	19076
90	33	55820
90	34	11945
90	35	43809
90	36	64990
90	37	253681
90	38	388713
90	39	1396135
90	40	2
91	12	278
91	13	368
91	14	7498
91	15	7526
91	16	26578
91	17	26355
91	18	9171
91	19	5151
91	20	20627
91	24	193
91	25	226
91	26	329
91	27	974
91	28	229
91	29	3689
91	30	6437
91	31	11473
91	32	17816
91	33	56604
91	34	11858
91	35	43913
91	36	65724
91	37	254591
91	38	388639
91	39	1392245
91	40	1
92	12	242
92	13	456
92	14	7509
92	15	7374
92	16	26171
92	17	26064
92	18	9195
92	19	5221
92	20	19607
92	24	199
92	25	223
92	26	343
92	27	1004
92	28	273
92	29	3798
92	30	6527
92	31	11846
92	32	16820
92	33	56330
92	34	11722
92	35	43183
92	36	64503
92	37	255225
92	38	390920
92	39	1393844
92	40	1
93	12	263
93	13	445
93	14	7438
93	15	7131
93	16	25556
93	17	25467
93	18	9061
93	19	5507
93	20	18612
93	24	215
93	25	220
93	26	362
93	27	1089
93	28	256
93	29	3900
93	30	6493
93	31	12338
93	32	15441
93	33	55596
93	34	11626
93	35	42421
93	36	64295
93	37	253952
93	38	391264
93	39	1399661
93	40	1
94	12	284
94	13	471
94	14	7374
94	15	7152
94	16	24957
94	17	25198
94	18	8817
94	19	5817
94	20	18457
94	24	215
94	25	243
94	26	384
94	27	1114
94	28	276
94	29	4102
94	30	6670
94	31	13303
94	32	14209
94	33	54775
94	34	11812
94	35	42337
94	36	63618
94	37	252234
94	38	390054
94	39	1404723
95	12	290
95	13	407
95	14	7437
95	15	7522
95	16	25560
95	17	25832
95	18	9063
95	19	6331
95	20	18462
95	24	229
95	25	237
95	26	366
95	27	1151
95	28	336
95	29	4188
95	30	7071
95	31	14267
95	32	13742
95	33	55913
95	34	11932
95	35	42346
95	36	64368
95	37	253796
95	38	391058
95	39	1396386
96	12	270
96	13	462
96	14	7800
96	15	7578
96	16	26243
96	17	26229
96	18	9670
96	19	6818
96	20	18496
96	24	244
96	25	247
96	26	409
96	27	1142
96	28	330
96	29	4382
96	30	7128
96	31	15086
96	32	12460
96	33	57570
96	34	11947
96	35	42677
96	36	64694
96	37	255885
96	38	392814
96	39	1387413
97	12	284
97	13	443
97	14	7495
97	15	7370
97	16	25529
97	17	25508
97	18	9109
97	19	6943
97	20	17085
97	24	248
97	25	266
97	26	420
97	27	1270
97	28	337
97	29	4544
97	30	7279
97	31	15486
97	32	11338
97	33	56366
97	34	11810
97	35	41779
97	36	64174
97	37	254786
97	38	392712
97	39	1395613
97	40	1
98	12	316
98	13	485
98	14	8056
98	15	7890
98	16	26943
98	17	26825
98	18	9926
98	19	7902
98	20	18089
98	24	291
98	25	263
98	26	420
98	27	1308
98	28	352
98	29	4722
98	30	7632
98	31	16696
98	32	10878
98	33	59057
98	34	12408
98	35	42823
98	36	65072
98	37	256910
98	38	389948
98	39	1382535
98	40	2
99	12	286
99	13	511
99	14	8097
99	15	7811
99	16	27262
99	17	26569
99	18	10036
99	19	8421
99	20	17437
99	24	236
99	25	285
99	26	427
99	27	1333
99	28	342
99	29	4879
99	30	8011
99	31	17510
99	32	9990
99	33	59933
99	34	12539
99	35	42646
99	36	65563
99	37	258716
99	38	393057
99	39	1375757
100	12	340
100	13	521
100	14	7660
100	15	7792
100	16	25660
100	17	25511
100	18	9706
100	19	8120
100	20	15699
100	24	282
100	25	302
100	26	488
100	27	1353
100	28	398
100	29	4934
100	30	7882
100	31	17471
100	32	8642
100	33	57730
100	34	12182
100	35	41202
100	36	64954
100	37	256301
100	38	395934
100	39	1386944
100	40	3
101	12	330
101	13	554
101	14	7980
101	15	7708
101	16	26297
101	17	25814
101	18	9800
101	19	9057
101	20	15287
101	24	297
101	25	294
101	26	470
101	27	1421
101	28	378
101	29	5018
101	30	8070
101	31	18149
101	32	8134
101	33	58323
101	34	12088
101	35	40620
101	36	64323
101	37	255384
101	38	391003
101	39	1390964
101	40	1
102	12	375
102	13	557
102	14	8443
102	15	8075
102	16	27330
102	17	27073
102	18	11045
102	19	10358
102	20	15938
102	24	293
102	25	268
102	26	517
102	27	1456
102	28	397
102	29	5232
102	30	8540
102	31	18942
102	32	7490
102	33	60813
102	34	12393
102	35	41423
102	36	65682
102	37	258856
102	38	391900
102	39	1373775
102	40	1
103	12	365
103	13	585
103	14	8198
103	15	7674
103	16	26150
103	17	25364
103	18	10924
103	19	9998
103	20	14032
103	24	308
103	25	333
103	26	532
103	27	1420
103	28	439
103	29	5425
103	30	8535
103	31	19371
103	32	6796
103	33	59912
103	34	12386
103	35	40752
103	36	64486
103	37	257417
103	38	384459
103	39	1391634
103	40	1
104	12	347
104	13	619
104	14	8124
104	15	7717
104	16	26002
104	17	25318
104	18	11008
104	19	10507
104	20	12890
104	24	347
104	25	347
104	26	508
104	27	1551
104	28	402
104	29	5370
104	30	8512
104	31	19221
104	32	6230
104	33	58921
104	34	12196
104	35	40170
104	36	64296
104	37	256669
104	38	384906
104	39	1395362
104	40	3
105	12	397
105	13	607
105	14	8214
105	15	7724
105	16	26093
105	17	25206
105	18	11043
105	19	11089
105	20	12398
105	24	347
105	25	332
105	26	544
105	27	1646
105	28	448
105	29	5377
105	30	8554
105	31	19271
105	32	5762
105	33	59131
105	34	12276
105	35	39373
105	36	64113
105	37	255013
105	38	383018
105	39	1399089
105	40	1
106	12	364
106	13	637
106	14	8409
106	15	7855
106	16	26249
106	17	25680
106	18	11437
106	19	12035
106	20	11986
106	24	353
106	25	364
106	26	554
106	27	1686
106	28	461
106	29	5415
106	30	8791
106	31	19787
106	32	5606
106	33	60694
106	34	12464
106	35	39699
106	36	63983
106	37	255834
106	38	382998
106	39	1393680
107	12	408
107	13	686
107	14	8409
107	15	8004
107	16	26169
107	17	25523
107	18	11734
107	19	12460
107	20	11047
107	24	376
107	25	399
107	26	610
107	27	1747
107	28	456
107	29	5571
107	30	8904
107	31	19984
107	32	5264
107	33	60818
107	34	12467
107	35	39331
107	36	64269
107	37	255494
107	38	382849
107	39	1394014
108	12	353
108	13	703
108	14	8373
108	15	7762
108	16	25640
108	17	24644
108	18	11067
108	19	12636
108	20	9300
108	24	376
108	25	413
108	26	606
108	27	1875
108	28	448
108	29	5608
108	30	8984
108	31	19455
108	32	4979
108	33	59338
108	34	12328
108	35	37496
108	36	63607
108	37	252262
108	38	384633
108	39	1404022
108	40	1
109	12	398
109	13	677
109	14	8885
109	15	8338
109	16	26694
109	17	25473
109	18	12125
109	19	14431
109	20	9444
109	24	397
109	25	393
109	26	658
109	27	1916
109	28	454
109	29	5576
109	30	9171
109	31	20211
109	32	4924
109	33	61549
109	34	12834
109	35	37958
109	36	64292
109	37	254957
109	38	381821
109	39	1392893
109	40	2
110	12	403
110	13	727
110	14	8828
110	15	8371
110	16	27407
110	17	26076
110	18	12379
110	19	15084
110	20	8659
110	24	429
110	25	363
110	26	675
110	27	1971
110	28	495
110	29	5884
110	30	9672
110	31	20271
110	32	4762
110	33	63868
110	34	12552
110	35	38447
110	36	64909
110	37	256323
110	38	383058
110	39	1384694
110	40	3
111	12	447
111	13	749
111	14	9024
111	15	8408
111	16	26728
111	17	25813
111	18	12219
111	19	15591
111	20	7750
111	24	430
111	25	403
111	26	681
111	27	2103
111	28	484
111	29	5816
111	30	9672
111	31	19779
111	32	4522
111	33	62855
111	34	12720
111	35	37430
111	36	64554
111	37	256790
111	38	384702
111	39	1386744
111	40	2
112	12	472
112	13	763
112	14	8599
112	15	8161
112	16	25633
112	17	24468
112	18	11914
112	19	14991
112	20	6617
112	24	435
112	25	447
112	26	737
112	27	2098
112	28	532
112	29	5988
112	30	9709
112	31	19098
112	32	4441
112	33	61727
112	34	12360
112	35	36304
112	36	63195
112	37	254531
112	38	387099
112	39	1396256
112	40	4
113	12	463
113	13	763
113	14	8834
113	15	8369
113	16	26547
113	17	25069
113	18	12373
113	19	16344
113	20	6004
113	24	452
113	25	454
113	26	750
113	27	2150
113	28	567
113	29	6066
113	30	9228
113	31	19799
113	32	4512
113	33	62921
113	34	12744
113	35	36689
113	36	63260
113	37	254736
113	38	382120
113	39	1395006
113	40	2
114	12	481
114	13	805
114	14	9205
114	15	8612
114	16	26892
114	17	25798
114	18	12796
114	19	16967
114	20	5550
114	24	474
114	25	456
114	26	788
114	27	2208
114	28	589
114	29	6154
114	30	9761
114	31	19653
114	32	4451
114	33	64456
114	34	12926
114	35	36720
114	36	64650
114	37	256447
114	38	383508
114	39	1385552
114	40	3
115	12	524
115	13	838
115	14	9329
115	15	8662
115	16	27116
115	17	26196
115	18	12895
115	19	18005
115	20	4846
115	24	511
115	25	444
115	26	804
115	27	2392
115	28	614
115	29	6267
115	30	9745
115	31	19812
115	32	4569
115	33	64601
115	34	13058
115	35	36542
115	36	64426
115	37	257617
115	38	383215
115	39	1382636
115	40	3
116	12	485
116	13	855
116	14	8958
116	15	8323
116	16	25680
116	17	24392
116	18	12181
116	19	16870
116	20	3789
116	24	554
116	25	488
116	26	861
116	27	2440
116	28	605
116	29	6287
116	30	9591
116	31	19150
116	32	4319
116	33	62398
116	34	12861
116	35	34992
116	36	63724
116	37	253396
116	38	385131
116	39	1397711
116	40	6
117	12	528
117	13	844
117	14	9371
117	15	8742
117	16	26056
117	17	25396
117	18	12612
117	19	18199
117	20	3318
117	24	545
117	25	555
117	26	826
117	27	2480
117	28	583
117	29	6415
117	30	9837
117	31	18737
117	32	4416
117	33	63419
117	34	12972
117	35	35270
117	36	63575
117	37	255042
117	38	382712
117	39	1393368
117	40	6
118	12	552
118	13	958
118	14	9612
118	15	9231
118	16	27276
118	17	26234
118	18	13418
118	19	19645
118	20	3030
118	24	557
118	25	543
118	26	869
118	27	2621
118	28	617
118	29	6774
118	30	10194
118	31	19391
118	32	4529
118	33	66089
118	34	13226
118	35	36274
118	36	64216
118	37	257909
118	38	382500
118	39	1379193
118	40	4
119	12	521
119	13	887
119	14	9485
119	15	9148
119	16	26530
119	17	25315
119	18	13048
119	19	19093
119	20	2293
119	24	641
119	25	608
119	26	927
119	27	2597
119	28	661
119	29	6810
119	30	10336
119	31	18430
119	32	4584
119	33	64784
119	34	13055
119	35	35420
119	36	63542
119	37	256500
119	38	384852
119	39	1385373
119	40	1
120	12	554
120	13	950
120	14	9424
120	15	9104
120	16	25784
120	17	24368
120	18	12912
120	19	19642
120	20	1990
120	24	561
120	25	575
120	26	1005
120	27	2799
120	28	650
120	29	6808
120	30	10050
120	31	17722
120	32	4346
120	33	63347
120	34	13320
120	35	34247
120	36	62094
120	37	253895
120	38	385440
120	39	1393350
121	12	574
121	13	987
121	14	9731
121	15	9423
121	16	26033
121	17	25206
121	18	12967
121	19	19083
121	20	1682
121	24	609
121	25	620
121	26	963
121	27	2936
121	28	681
121	29	6979
121	30	10667
121	31	17696
121	32	4438
121	33	64795
121	34	13293
121	35	35342
121	36	62336
121	37	254183
121	38	383039
121	39	1390965
121	40	2
122	12	630
122	13	951
122	14	10072
122	15	9616
122	16	27180
122	17	26161
122	18	13419
122	19	20426
122	20	1339
122	24	674
122	25	611
122	26	990
122	27	2951
122	28	738
122	29	7257
122	30	11178
122	31	17929
122	32	4511
122	33	66930
122	34	13551
122	35	35627
122	36	63466
122	37	258327
122	38	382605
122	39	1377641
122	40	3
123	12	612
123	13	1086
123	14	9990
123	15	9544
123	16	26195
123	17	25853
123	18	12933
123	19	19856
123	20	1077
123	24	644
123	25	636
123	26	1084
123	27	3133
123	28	735
123	29	7612
123	30	11252
123	31	17422
123	32	4461
123	33	65468
123	34	13683
123	35	34637
123	36	63405
123	37	257094
123	38	385882
123	39	1380384
123	40	1
124	12	623
124	13	1116
124	14	9657
124	15	9640
124	16	25306
124	17	24374
124	18	12200
124	19	18600
124	20	831
124	24	730
124	25	641
124	26	1015
124	27	3286
124	28	736
124	29	7493
124	30	11138
124	31	16392
124	32	4386
124	33	63839
124	34	13230
124	35	34312
124	36	62074
124	37	255516
124	38	386686
124	39	1390837
124	40	7
125	12	652
125	13	1105
125	14	9981
125	15	9860
125	16	26167
125	17	25079
125	18	12939
125	19	19725
125	20	695
125	24	735
125	25	669
125	26	1155
125	27	3384
125	28	806
125	29	7612
125	30	11311
125	31	15911
125	32	4509
125	33	63665
125	34	13635
125	35	34948
125	36	62238
125	37	255746
125	38	382617
125	39	1389168
125	40	1
126	12	696
126	13	1204
126	14	10871
126	15	10631
126	16	27651
126	17	26771
126	18	14143
126	19	21695
126	20	610
126	24	751
126	25	672
126	26	1119
126	27	3612
126	28	806
126	29	8213
126	30	12554
126	31	16885
126	32	4682
126	33	68245
126	34	14300
126	35	36684
126	36	63918
126	37	260900
126	38	383370
126	39	1356325
126	40	6351
127	12	687
127	13	1184
127	14	10363
127	15	10185
127	16	25584
127	17	24746
127	18	12518
127	19	19523
127	20	445
127	24	726
127	25	724
127	26	1232
127	27	3661
127	28	871
127	29	8371
127	30	12089
127	31	15851
127	32	4401
127	33	65354
127	34	13990
127	35	34597
127	36	62113
127	37	258706
127	38	388522
127	39	1371531
127	40	6406
128	12	699
128	13	1243
128	14	10271
128	15	10082
128	16	25051
128	17	24753
128	18	12138
128	19	19264
128	20	352
128	24	847
128	25	719
128	26	1196
128	27	3815
128	28	843
128	29	8149
128	30	11754
128	31	14583
128	32	4485
128	33	63293
128	34	13933
128	35	34576
128	36	61589
128	37	256014
128	38	385980
128	39	1382235
128	40	6388
129	12	732
129	13	1275
129	14	10961
129	15	10603
129	16	26716
129	17	25754
129	18	13248
129	19	20881
129	20	284
129	24	835
129	25	755
129	26	1310
129	27	4050
129	28	849
129	29	8544
129	30	12628
129	31	14867
129	32	4634
129	33	65643
129	34	14438
129	35	36281
129	36	61939
129	37	258430
129	38	383798
129	39	1367960
129	40	6161
130	12	768
130	13	1266
130	14	11098
130	15	10969
130	16	26668
130	17	26261
130	18	13395
130	19	20740
130	20	239
130	24	843
130	25	783
130	26	1248
130	27	4267
130	28	902
130	29	8907
130	30	13012
130	31	14441
130	32	4592
130	33	66472
130	34	14509
130	35	35974
130	36	62192
130	37	258878
130	38	386399
130	39	1362441
130	40	6288
131	12	763
131	13	1341
131	14	11246
131	15	11116
131	16	26763
131	17	26415
131	18	13387
131	19	20950
131	20	172
131	24	901
131	25	795
131	26	1400
131	27	4270
131	28	871
131	29	8946
131	30	13419
131	31	13697
131	32	4651
131	33	66531
131	34	14433
131	35	35906
131	36	62541
131	37	261075
131	38	386347
131	39	1359293
131	40	6081
132	12	771
132	13	1357
132	14	11504
132	15	11283
132	16	26929
132	17	26585
132	18	13492
132	19	20689
132	20	142
132	24	892
132	25	806
132	26	1449
132	27	4562
132	28	903
132	29	9258
132	30	13631
132	31	13567
132	32	4641
132	33	67233
132	34	14758
132	35	36562
132	36	62018
132	37	259581
132	38	386981
132	39	1357489
132	40	5992
133	12	797
133	13	1449
133	14	11654
133	15	11671
133	16	26913
133	17	26487
133	18	13225
133	19	20435
133	20	94
133	24	926
133	25	840
133	26	1432
133	27	4757
133	28	953
133	29	9461
133	30	13782
133	31	12562
133	32	4715
133	33	66594
133	34	14970
133	35	36558
133	36	61676
133	37	259789
133	38	384925
133	39	1360450
133	40	5816
134	12	784
134	13	1440
134	14	11562
134	15	11687
134	16	26830
134	17	26300
134	18	13050
134	19	20106
134	20	93
134	24	971
134	25	867
134	26	1472
134	27	4901
134	28	997
134	29	9669
134	30	13831
134	31	12079
134	32	4749
134	33	66589
134	34	14996
134	35	36631
134	36	60970
134	37	259150
134	38	385005
134	39	1362276
134	40	5920
135	12	845
135	13	1534
135	14	11703
135	15	11879
135	16	26444
135	17	26496
135	18	12993
135	19	19705
135	20	54
135	24	997
135	25	870
135	26	1459
135	27	5173
135	28	966
135	29	9972
135	30	14237
135	31	11602
135	32	4736
135	33	65724
135	34	15144
135	35	36644
135	36	60722
135	37	258735
135	38	385438
135	39	1362621
135	40	5903
136	12	837
136	13	1550
136	14	12022
136	15	12320
136	16	26826
136	17	27084
136	18	13223
136	19	20107
136	20	37
136	24	1013
136	25	902
136	26	1512
136	27	5317
136	28	994
136	29	10213
136	30	14619
136	31	11155
136	32	4697
136	33	65885
136	34	15553
136	35	37187
136	36	60883
136	37	259744
136	38	385497
136	39	1357534
136	40	5653
137	12	914
137	13	1528
137	14	12083
137	15	12426
137	16	26700
137	17	26284
137	18	12919
137	19	19659
137	20	20
137	24	1100
137	25	942
137	26	1626
137	27	5484
137	28	1018
137	29	10482
137	30	14636
137	31	10677
137	32	4685
137	33	66229
137	34	15964
137	35	37170
137	36	60676
137	37	259002
137	38	386571
137	39	1357907
137	40	5682
138	12	878
138	13	1575
138	14	12060
138	15	12440
138	16	26509
138	17	26658
138	18	12829
138	19	19461
138	20	23
138	24	1128
138	25	962
138	26	1673
138	27	5691
138	28	1095
138	29	10455
138	30	14960
138	31	10077
138	32	4765
138	33	65507
138	34	15940
138	35	37097
138	36	59914
138	37	258802
138	38	386895
138	39	1359322
138	40	5360
139	12	904
139	13	1574
139	14	12364
139	15	12990
139	16	26862
139	17	26674
139	18	12827
139	19	19177
139	20	9
139	24	1149
139	25	1013
139	26	1723
139	27	6062
139	28	1073
139	29	10588
139	30	15273
139	31	9655
139	32	4834
139	33	65771
139	34	15980
139	35	38035
139	36	59283
139	37	259889
139	38	387943
139	39	1355136
139	40	5141
140	12	903
140	13	1709
140	14	12602
140	15	13332
140	16	27798
140	17	28022
140	18	13480
140	19	20327
140	20	7
140	24	1215
140	25	988
140	26	1757
140	27	6387
140	28	1119
140	29	10826
140	30	16129
140	31	9453
140	32	5031
140	33	67796
140	34	16629
140	35	39134
140	36	59848
140	37	262216
140	38	386744
140	39	1342985
140	40	5050
141	12	935
141	13	1753
141	14	12477
141	15	13035
141	16	26584
141	17	26687
141	18	12741
141	19	18921
141	20	1
141	24	1236
141	25	995
141	26	1851
141	27	6553
141	28	1164
141	29	10908
141	30	15730
141	31	8925
141	32	4845
141	33	66285
141	34	16625
141	35	38321
141	36	58912
141	37	261915
141	38	388414
141	39	1350821
141	40	4847
142	12	1025
142	13	1764
142	14	13033
142	15	13651
142	16	28198
142	17	28558
142	18	13519
142	19	19920
142	20	1
142	24	1283
142	25	1056
142	26	1887
142	27	6772
142	28	1264
142	29	11222
142	30	16964
142	31	8675
142	32	4887
142	33	68477
142	34	17218
142	35	39779
142	36	59421
142	37	263858
142	38	386698
142	39	1337194
142	40	4572
143	12	942
143	13	1794
143	14	12841
143	15	13664
143	16	27247
143	17	27602
143	18	12847
143	19	19305
143	24	1352
143	25	1047
143	26	1953
143	27	7447
143	28	1292
143	29	11326
143	30	16731
143	31	8304
143	32	4866
143	33	67617
143	34	17099
143	35	39256
143	36	58168
143	37	265182
143	38	390009
143	39	1338788
143	40	4229
144	12	1031
144	13	1850
144	14	13105
144	15	13896
144	16	27253
144	17	27336
144	18	12614
144	19	18120
144	24	1350
144	25	1124
144	26	1964
144	27	7503
144	28	1284
144	29	11457
144	30	16931
144	31	7866
144	32	4818
144	33	66083
144	34	17265
144	35	39516
144	36	57293
144	37	263324
144	38	389037
144	39	1344535
144	40	4268
145	12	1030
145	13	1901
145	14	13017
145	15	13953
145	16	27604
145	17	27333
145	18	12740
145	19	18103
145	24	1421
145	25	1153
145	26	2040
145	27	7635
145	28	1289
145	29	11372
145	30	16964
145	31	7645
145	32	4955
145	33	66212
145	34	17854
145	35	39813
145	36	56894
145	37	264169
145	38	387347
145	39	1343990
145	40	4017
146	12	1054
146	13	2018
146	14	13720
146	15	14653
146	16	28502
146	17	28603
146	18	13223
146	19	18637
146	24	1463
146	25	1206
146	26	2082
146	27	8043
146	28	1305
146	29	11872
146	30	17682
146	31	7397
146	32	5018
146	33	68437
146	34	18208
146	35	41398
146	36	56904
146	37	265887
146	38	387892
146	39	1330791
146	40	4020
147	12	1102
147	13	2049
147	14	13106
147	15	14381
147	16	27716
147	17	27670
147	18	12365
147	19	17259
147	24	1520
147	25	1293
147	26	2237
147	27	8326
147	28	1430
147	29	11667
147	30	17381
147	31	7100
147	32	5024
147	33	66241
147	34	18097
147	35	41132
147	36	55451
147	37	265723
147	38	389611
147	39	1338746
147	40	3620
148	12	1059
148	13	2037
148	14	13110
148	15	14513
148	16	27639
148	17	27119
148	18	11700
148	19	16443
148	24	1491
148	25	1248
148	26	2218
148	27	8492
148	28	1363
148	29	11621
148	30	17050
148	31	6944
148	32	4798
148	33	64367
148	34	18300
148	35	40734
148	36	54488
148	37	261605
148	38	389105
148	39	1349090
148	40	3672
149	12	1187
149	13	2103
149	14	13451
149	15	15030
149	16	28523
149	17	27990
149	18	12115
149	19	16471
149	24	1512
149	25	1298
149	26	2289
149	27	8566
149	28	1366
149	29	11452
149	30	17273
149	31	6654
149	32	5012
149	33	65340
149	34	18579
149	35	41463
149	36	54237
149	37	262624
149	38	387463
149	39	1344319
149	40	3450
150	12	1209
150	13	2174
150	14	14107
150	15	15396
150	16	29717
150	17	29371
150	18	12712
150	19	17376
150	24	1664
150	25	1362
150	26	2258
150	27	9133
150	28	1468
150	29	12078
150	30	18188
150	31	6812
150	32	5007
150	33	67289
150	34	19593
150	35	42677
150	36	54150
150	37	266222
150	38	389385
150	39	1326850
150	40	3021
151	12	1138
151	13	2232
151	14	12921
151	15	14656
151	16	27480
151	17	26792
151	18	11144
151	19	14667
151	24	1681
151	25	1355
151	26	2546
151	27	9310
151	28	1503
151	29	11416
151	30	16850
151	31	6627
151	32	5052
151	33	63309
151	34	19219
151	35	41015
151	36	51915
151	37	262104
151	38	391792
151	39	1350114
151	40	2995
152	12	1219
152	13	2299
152	14	13481
152	15	15442
152	16	29048
152	17	28445
152	18	11818
152	19	15231
152	24	1695
152	25	1405
152	26	2517
152	27	9392
152	28	1575
152	29	11474
152	30	17472
152	31	6762
152	32	5205
152	33	64011
152	34	19798
152	35	42773
152	36	51448
152	37	262690
152	38	386157
152	39	1345028
152	40	2792
153	12	1202
153	13	2311
153	14	13339
153	15	15383
153	16	28739
153	17	27609
153	18	11111
153	19	14460
153	24	1783
153	25	1490
153	26	2599
153	27	9744
153	28	1607
153	29	11315
153	30	16911
153	31	6483
153	32	5114
153	33	62665
153	34	20207
153	35	42477
153	36	50400
153	37	260165
153	38	387200
153	39	1352038
153	40	2682
154	12	1274
154	13	2348
154	14	13617
154	15	15949
154	16	29360
154	17	28718
154	18	11356
154	19	14480
154	24	1790
154	25	1486
154	26	2693
154	27	10080
154	28	1571
154	29	11268
154	30	17144
154	31	6645
154	32	5260
154	33	63927
154	34	20551
154	35	43407
154	36	50366
154	37	261314
154	38	388688
154	39	1342977
154	40	2383
155	12	1341
155	13	2406
155	14	13847
155	15	16415
155	16	30619
155	17	29588
155	18	11760
155	19	14603
155	24	1887
155	25	1582
155	26	2697
155	27	10597
155	28	1716
155	29	11766
155	30	18000
155	31	7191
155	32	5174
155	33	65818
155	34	21201
155	35	44816
155	36	49865
155	37	267562
155	38	389794
155	39	1325838
155	40	2122
156	12	1298
156	13	2479
156	14	13460
156	15	15888
156	16	29498
156	17	28045
156	18	10657
156	19	12934
156	24	1920
156	25	1635
156	26	2827
156	27	10828
156	28	1720
156	29	11265
156	30	17128
156	31	7160
156	32	5266
156	33	63266
156	34	21128
156	35	44345
156	36	48311
156	37	263678
156	38	390668
156	39	1341079
156	40	1986
157	12	1287
157	13	2572
157	14	13814
157	15	16468
157	16	30634
157	17	29593
157	18	11125
157	19	12970
157	24	2024
157	25	1560
157	26	2845
157	27	11052
157	28	1743
157	29	11318
157	30	17405
157	31	7270
157	32	5257
157	33	63243
157	34	21841
157	35	45734
157	36	47896
157	37	263786
157	38	387869
157	39	1336712
157	40	1821
158	12	1430
158	13	2640
158	14	13885
158	15	17013
158	16	31260
158	17	29961
158	18	10852
158	19	12612
158	24	1990
158	25	1641
158	26	2904
158	27	11102
158	28	1741
158	29	11314
158	30	17335
158	31	7416
158	32	5444
158	33	63041
158	34	22273
158	35	45798
158	36	46983
158	37	263897
158	38	388703
158	39	1334613
158	40	1617
159	12	1435
159	13	2783
159	14	14101
159	15	17009
159	16	31475
159	17	30062
159	18	10657
159	19	12041
159	24	2078
159	25	1625
159	26	3039
159	27	11589
159	28	1822
159	29	11358
159	30	17334
159	31	7676
159	32	5241
159	33	63355
159	34	22644
159	35	47028
159	36	46072
159	37	265741
159	38	389724
159	39	1330280
159	40	1409
160	12	1433
160	13	2782
160	14	13803
160	15	17008
160	16	30986
160	17	28894
160	18	10033
160	19	11029
160	24	2132
160	25	1775
160	26	3095
160	27	11865
160	28	1917
160	29	10972
160	30	16871
160	31	7844
160	32	5402
160	33	61593
160	34	22429
160	35	46397
160	36	44630
160	37	263360
160	38	391296
160	39	1338609
160	40	1349
161	12	1427
161	13	2849
161	14	13545
161	15	17519
161	16	31665
161	17	29216
161	18	10008
161	19	10606
161	24	2263
161	25	1806
161	26	3063
161	27	12151
161	28	1861
161	29	10832
161	30	16844
161	31	8164
161	32	5292
161	33	60745
161	34	22894
161	35	47337
161	36	43972
161	37	235035
161	38	416825
161	39	1306755
161	40	34525
162	12	1561
162	13	2959
162	14	14871
162	15	18377
162	16	34492
162	17	31614
162	18	10774
162	19	11163
162	24	2324
162	25	1918
162	26	3255
162	27	12849
162	28	2010
162	29	11477
162	30	17934
162	31	8786
162	32	5655
162	33	63974
162	34	24264
162	35	50113
162	36	44078
162	37	242098
162	38	417688
162	39	1280700
162	40	31380
163	12	1505
163	13	2926
163	14	13834
163	15	17785
163	16	31988
163	17	28949
163	18	9432
163	19	9396
163	24	2372
163	25	1863
163	26	3507
163	27	12699
163	28	2153
163	29	11068
163	30	16852
163	31	8632
163	32	5578
163	33	60037
163	34	24051
163	35	47624
163	36	42267
163	37	237597
163	38	420643
163	39	1303193
163	40	30522
164	12	1592
164	13	3187
164	14	14142
164	15	18123
164	16	33004
164	17	29671
164	18	9310
164	19	8971
164	24	2446
164	25	1919
164	26	3363
164	27	13026
164	28	2091
164	29	11023
164	30	16606
164	31	9036
164	32	5514
164	33	59736
164	34	24021
164	35	49085
164	36	41179
164	37	234654
164	38	415543
164	39	1309010
164	40	29932
165	12	1577
165	13	3253
165	14	14273
165	15	18240
165	16	33472
165	17	29537
165	18	9171
165	19	8430
165	24	2469
165	25	1982
165	26	3334
165	27	13090
165	28	2207
165	29	10939
165	30	16328
165	31	9260
165	32	5677
165	33	59011
165	34	24467
165	35	49132
165	36	41371
165	37	235108
165	38	417993
165	39	1307383
165	40	28123
166	12	1642
166	13	3142
166	14	14190
166	15	18620
166	16	34080
166	17	30310
166	18	8882
166	19	7835
166	24	2545
166	25	1982
166	26	3571
166	27	13450
166	28	2192
166	29	10674
166	30	16593
166	31	9529
166	32	5711
166	33	58960
166	34	24793
166	35	49755
166	36	40275
166	37	235067
166	38	416610
166	39	1308661
166	40	26360
167	12	1745
167	13	3273
167	14	14214
167	15	19147
167	16	34946
167	17	30425
167	18	9107
167	19	7529
167	24	2651
167	25	2092
167	26	3692
167	27	14070
167	28	2317
167	29	11100
167	30	16926
167	31	10247
167	32	5776
167	33	59410
167	34	25310
167	35	51142
167	36	39695
167	37	237540
167	38	418158
167	39	1300758
167	40	23821
168	12	1724
168	13	3419
168	14	14596
168	15	19409
168	16	35796
168	17	30723
168	18	8705
168	19	6977
168	24	2711
168	25	2066
168	26	3649
168	27	14389
168	28	2373
168	29	11064
168	30	16568
168	31	10745
168	32	5822
168	33	58438
168	34	25711
168	35	51479
168	36	38485
168	37	237436
168	38	417395
168	39	1302457
168	40	22662
169	12	1741
169	13	3457
169	14	14295
169	15	19475
169	16	35391
169	17	30021
169	18	8247
169	19	6296
169	24	2839
169	25	2161
169	26	3856
169	27	14491
169	28	2452
169	29	10764
169	30	16265
169	31	10797
169	32	5917
169	33	57834
169	34	25674
169	35	51852
169	36	37946
169	37	237312
169	38	419248
169	39	1305839
169	40	20488
170	12	1828
170	13	3735
170	14	14730
170	15	20143
170	16	37011
170	17	30925
170	18	8124
170	19	5792
170	24	2827
170	25	2206
170	26	3953
170	27	14962
170	28	2532
170	29	11210
170	30	16892
170	31	11563
170	32	5906
170	33	58596
170	34	26563
170	35	53659
170	36	37410
170	37	239677
170	38	418439
170	39	1296878
170	40	18648
171	12	1810
171	13	3685
171	14	14190
171	15	19943
171	16	35512
171	17	29314
171	18	7580
171	19	5186
171	24	2902
171	25	2192
171	26	4086
171	27	14993
171	28	2654
171	29	10769
171	30	15889
171	31	11387
171	32	5821
171	33	55567
171	34	26555
171	35	52788
171	36	36175
171	37	237532
171	38	421025
171	39	1309625
171	40	17129
172	12	1840
172	13	3915
172	14	14385
172	15	20154
172	16	36544
172	17	29666
172	18	7200
172	19	4710
172	24	3052
172	25	2277
172	26	4067
172	27	15172
172	28	2655
172	29	10674
172	30	15540
172	31	11288
172	32	5831
172	33	55167
172	34	26530
172	35	52492
172	36	35691
172	37	235235
172	38	417386
172	39	1316380
172	40	16071
173	12	1940
173	13	3935
173	14	14600
173	15	20978
173	16	38167
173	17	30435
173	18	7312
173	19	4569
173	24	3041
173	25	2348
173	26	4031
173	27	15729
173	28	2742
173	29	10901
173	30	15659
173	31	11894
173	32	6172
173	33	55443
173	34	27163
173	35	53687
173	36	36126
173	37	236621
173	38	417763
173	39	1307459
173	40	14366
174	12	1989
174	13	4014
174	14	14706
174	15	21267
174	16	38573
174	17	30378
174	18	6971
174	19	4100
174	24	3166
174	25	2318
174	26	4303
174	27	16253
174	28	2846
174	29	11029
174	30	15876
174	31	12561
174	32	5972
174	33	55301
174	34	27283
174	35	54021
174	36	35102
174	37	237113
174	38	418611
174	39	1306377
174	40	12789
175	12	1923
175	13	4062
175	14	14042
175	15	20837
175	16	36803
175	17	27759
175	18	5923
175	19	3288
175	24	3279
175	25	2562
175	26	4512
175	27	16045
175	28	2976
175	29	10292
175	30	15011
175	31	12430
175	32	5969
175	33	52258
175	34	27134
175	35	52820
175	36	34323
175	37	235063
175	38	420851
175	39	1321613
175	40	11486
176	12	2010
176	13	4377
176	14	14729
176	15	21793
176	16	39489
176	17	28878
176	18	6117
176	19	3181
176	24	3333
176	25	2508
176	26	4287
176	27	16446
176	28	3001
176	29	10909
176	30	15426
176	31	12839
176	32	6185
176	33	53055
176	34	27851
176	35	54293
176	36	34027
176	37	235666
176	38	417966
176	39	1313911
176	40	10265
177	12	2020
177	13	4494
177	14	14786
177	15	22590
177	16	41310
177	17	29742
177	18	6248
177	19	2916
177	24	3422
177	25	2615
177	26	4713
177	27	17430
177	28	3256
177	29	11060
177	30	15828
177	31	13206
177	32	6354
177	33	53959
177	34	28217
177	35	55582
177	36	34597
177	37	239607
177	38	419890
177	39	1299449
177	40	8601
178	12	2109
178	13	4560
178	14	14975
178	15	22872
178	16	41853
178	17	29769
178	18	6010
178	19	2500
178	24	3433
178	25	2748
178	26	4709
178	27	18170
178	28	3385
178	29	11107
178	30	15963
178	31	14046
178	32	6426
178	33	53966
178	34	29140
178	35	56615
178	36	34511
178	37	240574
178	38	421951
178	39	1292794
178	40	7342
179	12	2230
179	13	4581
179	14	14613
179	15	22932
179	16	40267
179	17	28243
179	18	5312
179	19	2106
179	24	3595
179	25	2719
179	26	4947
179	27	18220
179	28	3539
179	29	10994
179	30	15583
179	31	13940
179	32	6393
179	33	50780
179	34	28919
179	35	55578
179	36	33215
179	37	239544
179	38	421416
179	39	1305283
179	40	6614
180	12	2232
180	13	4923
180	14	14590
180	15	23146
180	16	40831
180	17	27153
180	18	4937
180	19	1830
180	24	3728
180	25	2756
180	26	4913
180	27	18028
180	28	3534
180	29	10825
180	30	15310
180	31	13947
180	32	6468
180	33	50240
180	34	28492
180	35	55533
180	36	33144
180	37	238094
180	38	419938
180	39	1310908
180	40	5758
181	12	2236
181	13	4926
181	14	14533
181	15	23534
181	16	41651
181	17	26656
181	18	4617
181	19	1515
181	24	3702
181	25	2815
181	26	5182
181	27	18387
181	28	3474
181	29	10513
181	30	14752
181	31	13435
181	32	6341
181	33	50007
181	34	28904
181	35	54913
181	36	33020
181	37	235684
181	38	419121
181	39	1316138
181	40	5004
182	12	2419
182	13	5042
182	14	14872
182	15	24577
182	16	43705
182	17	27307
182	18	4623
182	19	1367
182	24	3937
182	25	2920
182	26	5052
182	27	19292
182	28	3781
182	29	10703
182	30	15090
182	31	14047
182	32	6452
182	33	50040
182	34	29526
182	35	56101
182	36	32872
182	37	237850
182	38	418293
182	39	1306316
182	40	4164
183	12	2335
183	13	5208
183	14	14437
183	15	24094
183	16	42278
183	17	25118
183	18	4034
183	19	1165
183	24	3944
183	25	3038
183	26	5457
183	27	19297
183	28	3871
183	29	10496
183	30	14774
183	31	13762
183	32	6554
183	33	48598
183	34	29494
183	35	55357
183	36	32778
183	37	237006
183	38	422268
183	39	1311509
183	40	3446
184	12	2449
184	13	5337
184	14	15009
184	15	25122
184	16	43995
184	17	25325
184	18	3848
184	19	964
184	24	3918
184	25	3089
184	26	5560
184	27	19970
184	28	3999
184	29	10505
184	30	14783
184	31	13854
184	32	6583
184	33	48886
184	34	29530
184	35	55948
184	36	32796
184	37	236981
184	38	420568
184	39	1307909
184	40	2855
185	12	2522
185	13	5585
185	14	15054
185	15	26406
185	16	46181
185	17	25713
185	18	3764
185	19	804
185	24	4237
185	25	3130
185	26	5712
185	27	20810
185	28	4272
185	29	10725
185	30	15489
185	31	14592
185	32	6810
185	33	49628
185	34	30633
185	35	57325
185	36	33199
185	37	242045
185	38	421204
185	39	1291053
185	40	2308
186	12	2618
186	13	5959
186	14	15511
186	15	26835
186	16	47203
186	17	25531
186	18	3604
186	19	696
186	24	4399
186	25	3441
186	26	5797
186	27	21817
186	28	4630
186	29	10922
186	30	15664
186	31	15205
186	32	6771
186	33	49288
186	34	30957
186	35	59142
186	36	32713
186	37	245710
186	38	424022
186	39	1278516
186	40	1746
187	12	2669
187	13	5841
187	14	15169
187	15	26877
187	16	46963
187	17	24128
187	18	3286
187	19	605
187	24	4461
187	25	3501
187	26	6305
187	27	22713
187	28	4889
187	29	11108
187	30	15930
187	31	15447
187	32	6874
187	33	48261
187	34	31694
187	35	59325
187	36	32452
187	37	247468
187	38	428542
187	39	1272612
187	40	1364
188	12	2723
188	13	6138
188	14	15047
188	15	27320
188	16	46382
188	17	22813
188	18	2803
188	19	465
188	24	4527
188	25	3468
188	26	6238
188	27	22572
188	28	4872
188	29	10830
188	30	15018
188	31	14575
188	32	6814
188	33	47181
188	34	31534
188	35	58315
188	36	31689
188	37	242057
188	38	421866
188	39	1291685
188	40	1162
189	12	2752
189	13	6288
189	14	15012
189	15	27430
189	16	46437
189	17	21332
189	18	2492
189	19	377
189	24	4555
189	25	3680
189	26	6243
189	27	22113
189	28	4791
189	29	10298
189	30	14709
189	31	13987
189	32	6902
189	33	46710
189	34	31558
189	35	56980
189	36	32750
189	37	239963
189	38	420708
189	39	1298768
189	40	910
190	12	2860
190	13	6368
190	14	15093
190	15	28218
190	16	47591
190	17	20989
190	18	2346
190	19	294
190	24	4727
190	25	3696
190	26	6305
190	27	22393
190	28	5079
190	29	10132
190	30	14384
190	31	13646
190	32	7144
190	33	46586
190	34	31673
190	35	57482
190	36	32352
190	37	240777
190	38	421959
190	39	1294524
190	40	669
191	12	2982
191	13	6815
191	14	15466
191	15	29237
191	16	48832
191	17	20864
191	18	2181
191	19	255
191	24	4893
191	25	3871
191	26	6811
191	27	23372
191	28	5480
191	29	10487
191	30	15397
191	31	14128
191	32	7161
191	33	46631
191	34	32683
191	35	58854
191	36	32677
191	37	244279
191	38	423625
191	39	1279309
191	40	480
192	12	3019
192	13	7150
192	14	15486
192	15	29489
192	16	49491
192	17	19825
192	18	1950
192	19	208
192	24	5089
192	25	3944
192	26	6885
192	27	24188
192	28	5659
192	29	10412
192	30	15107
192	31	13903
192	32	7092
192	33	46334
192	34	33016
192	35	58565
192	36	32649
192	37	244065
192	38	423318
192	39	1278937
192	40	408
193	12	3061
193	13	7369
193	14	15744
193	15	30501
193	16	51657
193	17	19307
193	18	1803
193	19	180
193	24	5168
193	25	4173
193	26	7015
193	27	24815
193	28	5736
193	29	10359
193	30	15257
193	31	13727
193	32	7171
193	33	47199
193	34	33470
193	35	58943
193	36	33319
193	37	245236
193	38	423599
193	39	1270193
193	40	297
194	12	3122
194	13	7412
194	14	15681
194	15	30718
194	16	51509
194	17	18539
194	18	1747
194	19	143
194	24	5188
194	25	4273
194	26	7208
194	27	24576
194	28	5977
194	29	9992
194	30	15181
194	31	13225
194	32	7008
194	33	45261
194	34	33271
194	35	57900
194	36	32517
194	37	242251
194	38	420761
194	39	1266910
194	40	209
195	12	3103
195	13	7534
195	14	15504
195	15	30935
195	16	49172
195	17	16499
195	18	1316
195	19	110
195	24	5483
195	25	4456
195	26	7649
195	27	26095
195	28	7020
195	29	11318
195	30	16769
195	31	15200
195	32	7186
195	33	45359
195	34	34120
195	35	58504
195	36	32170
195	37	244017
195	38	424291
195	39	1270826
195	40	166
196	12	3238
196	13	7881
196	14	15625
196	15	31983
196	16	50249
196	17	15691
196	18	1255
196	19	102
196	24	5614
196	25	4503
196	26	7575
196	27	25900
196	28	6762
196	29	10127
196	30	15658
196	31	13078
196	32	7146
196	33	45688
196	34	34398
196	35	59129
196	36	32766
196	37	245272
196	38	422984
196	39	1271367
196	40	122
197	12	3217
197	13	8160
197	14	15953
197	15	33168
197	16	52155
197	17	15123
197	18	1093
197	19	73
197	24	5507
197	25	4587
197	26	7735
197	27	26046
197	28	6766
197	29	9713
197	30	14837
197	31	12205
197	32	7197
197	33	46195
197	34	35128
197	35	58887
197	36	33075
197	37	245103
197	38	426724
197	39	1264815
197	40	106
198	12	3289
198	13	8133
198	14	15615
198	15	33137
198	16	50644
198	17	13724
198	18	920
198	19	50
198	24	5840
198	25	4706
198	26	7875
198	27	26065
198	28	6810
198	29	9208
198	30	14229
198	31	11372
198	32	7479
198	33	46073
198	34	34680
198	35	58542
198	36	34092
198	37	243094
198	38	426174
198	39	1271255
198	40	72
199	12	3452
199	13	8333
199	14	16062
199	15	33891
199	16	51120
199	17	12706
199	18	750
199	19	41
199	24	5991
199	25	4888
199	26	8231
199	27	26261
199	28	7054
199	29	9389
199	30	14144
199	31	11193
199	32	7439
199	33	45961
199	34	35235
199	35	58725
199	36	33665
199	37	244008
199	38	425184
199	39	1268732
199	40	42
200	12	3595
200	13	8773
200	14	16270
200	15	35793
200	16	52614
200	17	12397
200	18	666
200	19	35
200	24	5993
200	25	4985
200	26	8024
200	27	27375
200	28	7204
200	29	8960
200	30	14078
200	31	10663
200	32	7362
200	33	46780
200	34	36248
200	35	59099
200	36	34056
200	37	243574
200	38	426466
200	39	1260438
200	40	29
201	12	3553
201	13	8923
201	14	16263
201	15	36216
201	16	52051
201	17	11202
201	18	563
201	19	23
201	24	6243
201	25	5172
201	26	8484
201	27	27129
201	28	7477
201	29	8729
201	30	13821
201	31	10205
201	32	7685
201	33	46053
201	34	36175
201	35	58874
201	36	33865
201	37	245210
201	38	428607
201	39	1258308
201	40	22
202	12	3593
202	13	9133
202	14	16721
202	15	36952
202	16	52516
202	17	10289
202	18	491
202	19	17
202	24	6302
202	25	5234
202	26	8819
202	27	27749
202	28	7861
202	29	8948
202	30	13692
202	31	9775
202	32	7599
202	33	46792
202	34	37060
202	35	59446
202	36	34215
202	37	246823
202	38	429676
202	39	1250268
202	40	21
203	12	3863
203	13	9642
203	14	16670
203	15	39146
203	16	54185
203	17	9861
203	18	445
203	19	9
203	24	6726
203	25	5646
203	26	9497
203	27	29593
203	28	8888
203	29	9684
203	30	14632
203	31	10367
203	32	7928
203	33	47379
203	34	39023
203	35	62213
203	36	33683
203	37	252528
203	38	430702
203	39	1226671
203	40	11
204	12	3704
204	13	9831
204	14	16575
204	15	38185
204	16	50900
204	17	8353
204	18	336
204	19	7
204	24	6836
204	25	5703
204	26	9525
204	27	28768
204	28	8692
204	29	8895
204	30	13336
204	31	9591
204	32	7822
204	33	45979
204	34	38545
204	35	60113
204	36	33725
204	37	247826
204	38	431834
204	39	1243954
204	40	2
205	12	3752
205	13	9942
205	14	16859
205	15	39783
205	16	51301
205	17	7714
205	18	282
205	19	5
205	24	6958
205	25	5874
205	26	9488
205	27	28465
205	28	8881
205	29	8276
205	30	12777
205	31	8648
205	32	7843
205	33	47285
205	34	38835
205	35	59343
205	36	34507
205	37	248103
205	38	430800
205	39	1242278
205	40	5
206	12	3907
206	13	10274
206	14	16933
206	15	41116
206	16	51748
206	17	7185
206	18	247
206	19	3
206	24	7245
206	25	6129
206	26	9626
206	27	29300
206	28	9243
206	29	8411
206	30	12692
206	31	8130
206	32	7988
206	33	47899
206	34	39654
206	35	60067
206	36	34618
206	37	249005
206	38	431132
206	39	1234856
206	40	7
207	12	3968
207	13	10676
207	14	16801
207	15	41930
207	16	51035
207	17	6385
207	18	205
207	19	3
207	24	7258
207	25	6334
207	26	10046
207	27	29248
207	28	9482
207	29	8647
207	30	12542
207	31	7895
207	32	7737
207	33	48161
207	34	40599
207	35	60541
207	36	34474
207	37	249124
207	38	432584
207	39	1230702
207	40	3
208	12	3927
208	13	10405
208	14	16755
208	15	42601
208	16	49487
208	17	5724
208	18	155
208	19	6
208	24	7324
208	25	6452
208	26	10126
208	27	29007
208	28	9431
208	29	8032
208	30	11746
208	31	7338
208	32	7709
208	33	48355
208	34	39928
208	35	59627
208	36	34544
208	37	247798
208	38	433440
208	39	1235712
208	40	4
209	12	3921
209	13	10543
209	14	16907
209	15	42419
209	16	47184
209	17	4852
209	18	132
209	19	3
209	24	7513
209	25	6423
209	26	10174
209	27	27952
209	28	9390
209	29	7635
209	30	11124
209	31	6801
209	32	7625
209	33	47888
209	34	40512
209	35	58065
209	36	34830
209	37	246461
209	38	434135
209	39	1242421
210	12	4124
210	13	11028
210	14	17438
210	15	44680
210	16	48807
210	17	4471
210	18	117
210	19	1
210	24	7673
210	25	6821
210	26	10527
210	27	29124
210	28	9845
210	29	7849
210	30	11206
210	31	6586
210	32	7836
210	33	49434
210	34	42260
210	35	59731
210	36	35340
210	37	248639
210	38	434348
210	39	1225767
211	12	4298
211	13	11590
211	14	17532
211	15	47235
211	16	49236
211	17	4019
211	18	91
211	24	8048
211	25	7205
211	26	11164
211	27	30413
211	28	10483
211	29	8027
211	30	11270
211	31	6595
211	32	8231
211	33	50553
211	34	43514
211	35	60957
211	36	35328
211	37	250384
211	38	436367
211	39	1209492
212	12	4277
212	13	11804
212	14	17568
212	15	47294
212	16	46427
212	17	3378
212	18	88
212	19	1
212	24	8182
212	25	7319
212	26	11257
212	27	29259
212	28	10612
212	29	7576
212	30	10486
212	31	6166
212	32	8218
212	33	49512
212	34	43708
212	35	59769
212	36	35620
212	37	250319
212	38	437582
212	39	1215126
213	12	4125
213	13	11706
213	14	17873
213	15	47236
213	16	44823
213	17	2816
213	18	69
213	19	1
213	24	8360
213	25	7535
213	26	11416
213	27	28672
213	28	10500
213	29	7269
213	30	9830
213	31	5937
213	32	8173
213	33	49687
213	34	43753
213	35	58172
213	36	35580
213	37	249503
213	38	440034
213	39	1217454
214	12	4301
214	13	12349
214	14	18317
214	15	49955
214	16	45878
214	17	2625
214	18	48
214	24	8387
214	25	7746
214	26	11928
214	27	29011
214	28	10810
214	29	7223
214	30	9692
214	31	5627
214	32	8243
214	33	51620
214	34	45119
214	35	59975
214	36	36672
214	37	251751
214	38	439587
214	39	1202061
214	40	2
215	12	4468
215	13	12529
215	14	18556
215	15	51514
215	16	44806
215	17	2305
215	18	32
215	24	8903
215	25	8178
215	26	12656
215	27	29824
215	28	11474
215	29	7476
215	30	9496
215	31	5571
215	32	8331
215	33	51931
215	34	46532
215	35	60521
215	36	36064
215	37	253424
215	38	441526
215	39	1191776
215	40	1
216	12	4456
216	13	12388
216	14	18423
216	15	51219
216	16	41855
216	17	1816
216	18	26
216	19	1
216	24	9096
216	25	8444
216	26	12740
216	27	28670
216	28	11154
216	29	6974
216	30	8920
216	31	5141
216	32	8178
216	33	51147
216	34	47190
216	35	59653
216	36	36252
216	37	252039
216	38	444037
216	39	1197319
217	12	4285
217	13	12337
217	14	18578
217	15	51947
217	16	39544
217	17	1558
217	18	16
217	24	9281
217	25	8340
217	26	12842
217	27	27677
217	28	10878
217	29	6547
217	30	8233
217	31	4965
217	32	8312
217	33	51611
217	34	47361
217	35	58464
217	36	36048
217	37	253645
217	38	446179
217	39	1197311
218	12	4564
218	13	12941
218	14	19364
218	15	55535
218	16	40704
218	17	1331
218	18	22
218	24	9424
218	25	8854
218	26	13494
218	27	29008
218	28	11701
218	29	6772
218	30	8113
218	31	4902
218	32	8488
218	33	53394
218	34	49218
218	35	59844
218	36	36805
218	37	255203
218	38	444890
218	39	1179641
219	12	4744
219	13	13396
219	14	19690
219	15	56447
219	16	39443
219	17	1079
219	18	13
219	24	9832
219	25	9236
219	26	14406
219	27	29242
219	28	12182
219	29	6843
219	30	8094
219	31	4919
219	32	8643
219	33	53453
219	34	50684
219	35	60059
219	36	36847
219	37	257150
219	38	449759
219	39	1166933
220	12	4680
220	13	12926
220	14	19450
220	15	56643
220	16	36321
220	17	863
220	18	4
220	24	10071
220	25	9355
220	26	14251
220	27	28031
220	28	11792
220	29	6401
220	30	7159
220	31	4539
220	32	8564
220	33	53575
220	34	50694
220	35	58155
220	36	36428
220	37	257079
220	38	452091
220	39	1172929
221	12	4526
221	13	13053
221	14	19913
221	15	56758
221	16	34319
221	17	733
221	18	6
221	24	10109
221	25	9801
221	26	14312
221	27	26869
221	28	11551
221	29	5983
221	30	6970
221	31	4417
221	32	8362
221	33	53951
221	34	51513
221	35	58157
221	36	36693
221	37	257331
221	38	453893
221	39	1171378
222	12	4661
222	13	13177
222	14	20289
222	15	59260
222	16	33827
222	17	591
222	18	1
222	24	10498
222	25	10163
222	26	14938
222	27	27190
222	28	11889
222	29	6046
222	30	6704
222	31	4417
222	32	8788
222	33	55857
222	34	53504
222	35	57934
222	36	37089
222	37	259837
222	38	456983
222	39	1155371
223	12	4987
223	13	14069
223	14	21440
223	15	63751
223	16	34485
223	17	525
223	18	2
223	24	10986
223	25	11033
223	26	16476
223	27	28593
223	28	13067
223	29	6380
223	30	6682
223	31	4513
223	32	9005
223	33	57337
223	34	57041
223	35	60777
223	36	37291
223	37	265955
223	38	460030
223	39	1122208
224	12	4866
224	13	14029
224	14	21402
224	15	64177
224	16	32087
224	17	416
224	18	5
224	24	11449
224	25	11502
224	26	17074
224	27	28357
224	28	12939
224	29	6036
224	30	6626
224	31	4414
224	32	9012
224	33	57974
224	34	57572
224	35	59673
224	36	37783
224	37	266845
224	38	461808
224	39	1119459
225	12	4708
225	13	14144
225	14	21666
225	15	64136
225	16	30001
225	17	302
225	18	2
225	24	11727
225	25	11429
225	26	16641
225	27	26984
225	28	12176
225	29	5356
225	30	6056
225	31	4315
225	32	8894
225	33	57889
225	34	57224
225	35	57945
225	36	37852
225	37	266852
225	38	464823
225	39	1123137
226	12	4600
226	13	13683
226	14	21167
226	15	61705
226	16	25890
226	17	231
226	18	1
226	24	11569
226	25	11381
226	26	16880
226	27	24858
226	28	11469
226	29	4822
226	30	5552
226	31	4088
226	32	8930
226	33	57202
226	34	57458
226	35	55994
226	36	37452
226	37	267479
226	38	471768
226	39	1128712
227	12	4971
227	13	14570
227	14	22587
227	15	67956
227	16	27368
227	17	217
227	18	1
227	24	12611
227	25	12350
227	26	18337
227	27	26795
227	28	12784
227	29	5234
227	30	5873
227	31	4199
227	32	9185
227	33	60066
227	34	60772
227	35	58128
227	36	38143
227	37	273179
227	38	470879
227	39	1093999
228	12	4971
228	13	14433
228	14	22787
228	15	68155
228	16	25518
228	17	148
228	24	12625
228	25	12670
228	26	18860
228	27	25821
228	28	12687
228	29	4981
228	30	5603
228	31	4228
228	32	9332
228	33	60779
228	34	62090
228	35	56917
228	36	38466
228	37	274589
228	38	476003
228	39	1086961
229	12	4928
229	13	14097
229	14	23209
229	15	68287
229	16	23233
229	17	124
229	24	12884
229	25	12769
229	26	18587
229	27	24608
229	28	12000
229	29	4417
229	30	5191
229	31	4047
229	32	9409
229	33	61836
229	34	61373
229	35	54786
229	36	38237
229	37	275620
229	38	479055
229	39	1088313
230	12	4768
230	13	14251
230	14	23231
230	15	66931
230	16	20830
230	17	106
230	24	12876
230	25	12661
230	26	18872
230	27	22689
230	28	11354
230	29	3923
230	30	5038
230	31	3976
230	32	9334
230	33	61572
230	34	61252
230	35	52360
230	36	38781
230	37	276499
230	38	483942
230	39	1090119
231	12	4841
231	13	14511
231	14	23780
231	15	70918
231	16	20275
231	17	86
231	24	13319
231	25	13497
231	26	19366
231	27	22754
231	28	11375
231	29	3795
231	30	4814
231	31	4021
231	32	9464
231	33	63300
231	34	62882
231	35	52614
231	36	39459
231	37	279991
231	38	487412
231	39	1070469
232	12	5065
232	13	14908
232	14	24615
232	15	72908
232	16	19206
232	17	59
232	24	14020
232	25	13703
232	26	20313
232	27	22851
232	28	11846
232	29	3543
232	30	4954
232	31	3984
232	32	9282
232	33	64188
232	34	64687
232	35	52592
232	36	38912
232	37	283098
232	38	492645
232	39	1053256
233	12	4776
233	13	14406
233	14	24233
233	15	70031
233	16	16753
233	17	56
233	24	14009
233	25	13787
233	26	20406
233	27	21361
233	28	10753
233	29	3125
233	30	4798
233	31	4024
233	32	9460
233	33	64245
233	34	65011
233	35	50207
233	36	38854
233	37	286065
233	38	499553
233	39	1053054
234	12	4873
234	13	14571
234	14	24710
234	15	71734
234	16	15505
234	17	31
234	24	14138
234	25	13863
234	26	20169
234	27	20373
234	28	10330
234	29	2893
234	30	4730
234	31	3999
234	32	9611
234	33	65630
234	34	64944
234	35	48119
234	36	39928
234	37	288393
234	38	503738
234	39	1044256
235	12	5262
235	13	15554
235	14	26369
235	15	78789
235	16	15724
235	17	25
235	24	15151
235	25	15416
235	26	22001
235	27	21605
235	28	11035
235	29	2900
235	30	4886
235	31	4064
235	32	9997
235	33	68581
235	34	68698
235	35	49696
235	36	40507
235	37	294790
235	38	507154
235	39	1005231
236	12	5209
236	13	15478
236	14	26490
236	15	77776
236	16	14305
236	17	25
236	24	15845
236	25	15604
236	26	23248
236	27	20574
236	28	11209
236	29	2760
236	30	4761
236	31	4083
236	32	10159
236	33	69297
236	34	69895
236	35	48530
236	36	40042
236	37	298360
236	38	514006
236	39	993542
237	12	5141
237	13	14688
237	14	26185
237	15	75035
237	16	12408
237	17	19
237	24	15863
237	25	15340
237	26	22979
237	27	19129
237	28	10358
237	29	2498
237	30	4621
237	31	4078
237	32	10095
237	33	69063
237	34	69946
237	35	46344
237	36	40001
237	37	302938
237	38	521703
237	39	990577
238	12	5061
238	13	14740
238	14	26620
238	15	75800
238	16	11009
238	17	14
238	24	16307
238	25	15578
238	26	23018
238	27	18365
238	28	9914
238	29	2213
238	30	4554
238	31	4006
238	32	10055
238	33	70345
238	34	69447
238	35	44785
238	36	40199
238	37	306710
238	38	527383
238	39	980271
239	12	5326
239	13	15306
239	14	27382
239	15	78369
239	16	10707
239	17	8
239	24	17066
239	25	16453
239	26	24677
239	27	18536
239	28	10284
239	29	2190
239	30	4743
239	31	4005
239	32	10289
239	33	72787
239	34	72954
239	35	44247
239	36	40316
239	37	311864
239	38	533179
239	39	952630
240	12	5104
240	13	15055
240	14	27435
240	15	78079
240	16	9394
240	17	8
240	24	17339
240	25	16414
240	26	25199
240	27	17481
240	28	9476
240	29	2018
240	30	4642
240	31	3989
240	32	10294
240	33	73349
240	34	72906
240	35	42439
240	36	40058
240	37	316568
240	38	541781
240	39	942129
241	12	5125
241	13	15001
241	14	28023
241	15	77980
241	16	8339
241	17	9
241	24	17707
241	25	16526
241	26	24687
241	27	16542
241	28	8910
241	29	1710
241	30	4863
241	31	4066
241	32	10357
241	33	74876
241	34	72579
241	35	40809
241	36	40371
241	37	322735
241	38	548598
241	39	928247
242	12	5104
242	13	14981
242	14	28289
242	15	77802
242	16	7480
242	17	7
242	24	18235
242	25	16483
242	26	25164
242	27	15587
242	28	8537
242	29	1539
242	30	4763
242	31	3979
242	32	10371
242	33	76204
242	34	72179
242	35	39050
242	36	40364
242	37	326621
242	38	557762
242	39	914539
243	12	5158
243	13	15023
243	14	28734
243	15	79344
243	16	6889
243	17	5
243	24	18341
243	25	16363
243	26	25661
243	27	14784
243	28	8209
243	29	1364
243	30	4906
243	31	4137
243	32	10583
243	33	77661
243	34	72208
243	35	37277
243	36	41582
243	37	331645
243	38	566534
243	39	895469
244	12	5518
244	13	15588
244	14	30061
244	15	83381
244	16	6382
244	17	3
244	24	19525
244	25	17763
244	26	27788
244	27	15007
244	28	8391
244	29	1350
244	30	4998
244	31	4177
244	32	11123
244	33	80483
244	34	76261
244	35	37622
244	36	41062
244	37	338286
244	38	568334
244	39	865392
245	12	5096
245	13	14453
245	14	29280
245	15	76833
245	16	5156
245	17	1
245	24	19482
245	25	16934
245	26	26961
245	27	13415
245	28	7600
245	29	1172
245	30	4825
245	31	4233
245	32	10932
245	33	78876
245	34	74726
245	35	34645
245	36	40780
245	37	345797
245	38	584229
245	39	860848
246	12	5296
246	13	15217
246	14	30274
246	15	81886
246	16	5077
246	17	2
246	24	19762
246	25	16937
246	26	26432
246	27	12555
246	28	6835
246	29	1048
246	30	5098
246	31	4153
246	32	11108
246	33	82099
246	34	73319
246	35	32704
246	36	41675
246	37	350932
246	38	588969
246	39	839625
247	12	5298
247	13	15360
247	14	30872
247	15	81799
247	16	4344
247	17	2
247	24	21144
247	25	17809
247	26	28937
247	27	13052
247	28	7517
247	29	1017
247	30	5092
247	31	4184
247	32	10977
247	33	83944
247	34	75897
247	35	32101
247	36	41275
247	37	357566
247	38	596019
247	39	813167
248	12	5350
248	13	14930
248	14	31045
248	15	79973
248	16	3799
248	17	2
248	24	21541
248	25	17471
248	26	29154
248	27	12017
248	28	6853
248	29	890
248	30	5186
248	31	4229
248	32	11095
248	33	84676
248	34	75236
248	35	30335
248	36	41297
248	37	364594
248	38	607231
248	39	796982
249	12	7951
249	13	32660
249	14	54075
249	15	210821
249	16	10738
249	24	38779
249	25	41620
249	26	64244
249	27	31615
249	28	18770
249	29	2032
249	30	8215
249	31	4778
249	32	16781
249	33	142562
249	34	147890
249	35	60891
249	36	45496
249	37	399914
249	38	445061
249	39	437380
