pos	char	qual	count
0	A	12	79
0	A	13	346
0	A	14	487
0	A	15	1436
0	A	16	264
0	A	17	7
0	A	18	3
0	A	19	6
0	A	20	1
0	A	24	367
0	A	25	268
0	A	26	459
0	A	27	267
0	A	28	144
0	A	29	32
0	A	30	88
0	A	31	58
0	A	32	179
0	A	33	1354
0	A	34	927
0	A	35	667
0	A	36	520
0	A	37	3921
0	A	38	3903
0	A	39	5044
0	C	12	4
0	C	13	10
0	C	14	12
0	C	15	23
0	C	16	5
0	C	18	1
0	C	24	1
0	C	27	1
0	G	12	3
0	G	13	4
0	G	14	7
0	G	15	5
0	G	27	1
0	G	32	1
0	G	37	1
0	G	38	1
0	G	39	1
0	T	12	7
0	T	13	2
0	T	14	6
0	T	15	28
0	T	16	7
0	T	17	2
0	T	18	1
0	T	19	1
0	T	24	1
0	T	26	1
1	A	12	9
1	A	13	6
1	A	14	35
1	A	15	22
1	A	16	2
1	C	13	2
1	C	14	1
1	C	15	2
1	G	12	66
1	G	13	415
1	G	14	1028
1	G	15	1839
1	G	16	324
1	G	17	16
1	G	18	8
1	G	19	5
1	G	24	353
1	G	25	267
1	G	26	309
1	G	27	268
1	G	28	108
1	G	29	31
1	G	30	95
1	G	31	20
1	G	32	180
1	G	33	1603
1	G	34	919
1	G	35	654
1	G	36	556
1	G	37	3862
1	G	38	3655
1	G	39	4229
1	T	12	1
1	T	14	19
1	T	15	47
1	T	16	6
1	T	18	1
1	T	24	1
2	A	12	48
2	A	13	450
2	A	14	837
2	A	15	1682
2	A	16	247
2	A	17	8
2	A	18	7
2	A	19	2
2	A	20	1
2	A	24	388
2	A	25	285
2	A	26	518
2	A	27	260
2	A	28	120
2	A	29	29
2	A	30	76
2	A	31	14
2	A	32	193
2	A	33	1380
2	A	34	976
2	A	35	466
2	A	36	840
2	A	37	3644
2	A	38	3935
2	A	39	4417
2	C	12	2
2	C	13	4
2	C	14	14
2	C	15	19
2	C	16	2
2	C	24	3
2	C	25	2
2	C	26	1
2	C	27	1
2	G	12	1
2	G	13	3
2	G	14	4
2	G	15	1
2	G	16	1
2	G	17	1
2	T	12	1
2	T	13	2
2	T	14	30
2	T	15	34
2	T	16	7
2	T	17	1
2	T	19	1
2	T	24	4
2	T	26	2
3	A	13	36
3	A	14	43
3	A	15	35
3	A	16	3
3	A	17	1
3	A	18	1
3	A	24	2
3	A	25	4
3	A	32	1
3	A	34	1
3	A	38	1
3	C	12	1
3	C	13	21
3	C	14	31
3	C	15	17
3	C	24	2
3	C	25	2
3	C	38	1
3	G	13	10
3	G	14	7
3	G	15	12
3	G	16	1
3	G	20	1
3	T	12	6
3	T	13	47
3	T	14	734
3	T	15	2060
3	T	16	258
3	T	17	9
3	T	18	3
3	T	19	6
3	T	24	469
3	T	25	316
3	T	26	687
3	T	27	275
3	T	28	177
3	T	29	42
3	T	30	13
3	T	31	4
3	T	32	10
3	T	33	1541
3	T	34	868
3	T	35	543
3	T	36	313
3	T	37	3847
3	T	38	3596
3	T	39	4906
4	A	14	30
4	A	15	54
4	A	16	7
4	A	19	1
4	A	24	2
4	A	25	3
4	A	26	3
4	A	27	1
4	A	28	1
4	A	33	1
4	A	34	1
4	A	39	1
4	C	12	8
4	C	13	51
4	C	14	846
4	C	15	1699
4	C	16	213
4	C	17	6
4	C	18	6
4	C	19	4
4	C	20	2
4	C	24	469
4	C	25	278
4	C	26	605
4	C	27	255
4	C	28	153
4	C	29	29
4	C	30	20
4	C	31	2
4	C	32	7
4	C	33	1454
4	C	34	887
4	C	35	469
4	C	36	221
4	C	37	3945
4	C	38	3866
4	C	39	5293
4	G	14	11
4	G	15	9
4	G	16	1
4	G	24	1
4	G	26	1
4	T	14	16
4	T	15	13
4	T	16	1
4	T	18	1
4	T	24	2
4	T	25	1
4	T	26	3
4	T	33	3
4	T	37	2
4	T	38	4
4	T	39	2
5	A	14	3
5	A	15	13
5	A	16	1
5	A	18	1
5	A	33	1
5	A	34	1
5	A	39	4
5	C	14	1
5	C	15	4
5	C	16	4
5	G	12	171
5	G	13	2938
5	G	14	99
5	G	15	36
5	G	16	10
5	G	18	2
5	G	24	569
5	G	25	423
5	G	26	447
5	G	27	281
5	G	28	12
5	G	29	25
5	G	30	369
5	G	31	17
5	G	32	1502
5	G	33	11
5	G	34	1310
5	G	35	4
5	G	36	3636
5	G	37	1193
5	G	38	3518
5	G	39	4314
5	T	14	3
5	T	15	30
5	T	16	8
5	T	17	1
5	T	19	2
6	A	12	3
6	A	13	47
6	A	14	2
6	A	24	1
6	A	26	1
6	A	27	1
6	A	30	2
6	A	32	1
6	A	35	4
6	A	37	1
6	A	38	5
6	C	13	6
6	C	14	1
6	C	38	1
6	G	12	317
6	G	13	3477
6	G	14	114
6	G	15	39
6	G	16	14
6	G	17	1
6	G	19	2
6	G	24	477
6	G	25	340
6	G	26	293
6	G	27	280
6	G	28	11
6	G	29	26
6	G	30	1393
6	G	31	20
6	G	32	1654
6	G	33	382
6	G	34	1208
6	G	35	3202
6	G	36	787
6	G	37	1498
6	G	38	5320
6	G	39	4
6	T	12	1
6	T	13	2
6	T	14	13
6	T	15	5
6	T	17	3
6	T	24	3
6	T	27	2
7	A	12	165
7	A	13	4090
7	A	14	90
7	A	15	54
7	A	16	14
7	A	17	1
7	A	24	535
7	A	25	513
7	A	26	430
7	A	27	399
7	A	28	13
7	A	29	31
7	A	30	920
7	A	31	6
7	A	32	1850
7	A	33	249
7	A	34	960
7	A	35	2487
7	A	36	860
7	A	37	1072
7	A	38	3224
7	A	39	6
7	C	12	100
7	C	13	2
7	C	26	1
7	C	27	1
7	C	33	1
7	G	12	92
7	G	13	7
7	G	14	4
7	G	15	1
7	G	24	1
7	G	25	1
7	G	26	2
7	G	30	1
7	G	34	1
7	G	38	2
7	T	12	5
7	T	13	63
7	T	14	7
7	T	15	2
7	T	16	1
7	T	19	1
7	T	24	1
7	T	25	2
7	T	26	1
7	T	27	1
7	T	29	1
7	T	32	1
8	A	12	185
8	A	13	2768
8	A	14	53
8	A	15	33
8	A	16	5
8	A	19	2
8	A	24	530
8	A	25	502
8	A	26	459
8	A	27	381
8	A	28	24
8	A	29	37
8	A	30	359
8	A	31	7
8	A	32	1234
8	A	33	20
8	A	34	1414
8	A	35	6
8	A	36	3515
8	A	37	1169
8	A	38	2823
8	A	39	3
8	C	12	52
8	C	13	2
8	C	14	2
8	C	15	1
8	C	16	1
8	C	25	4
8	C	27	1
8	C	31	1
8	C	32	1
8	G	12	24
8	G	13	4
8	G	14	3
8	G	27	1
8	G	29	1
8	G	30	1
8	G	31	4
8	G	32	1
8	G	34	3
8	G	36	2
8	G	37	2
8	G	38	8
8	T	12	1
8	T	13	41
8	T	14	7
8	T	15	2
8	T	16	1
8	T	18	1
8	T	25	1
8	T	26	1
8	T	27	1
8	T	30	1
8	T	38	1
9	A	12	121
9	A	13	6
9	A	14	8
9	A	15	1
9	A	18	1
9	A	24	1
9	A	25	1
9	A	30	1
9	A	32	3
9	A	34	4
9	A	35	5
9	A	36	1
9	A	37	4
9	A	38	5
9	C	12	7
9	C	14	3
9	G	12	218
9	G	13	2952
9	G	14	48
9	G	15	14
9	G	16	9
9	G	24	434
9	G	25	331
9	G	26	225
9	G	27	212
9	G	28	7
9	G	29	17
9	G	30	641
9	G	31	15
9	G	32	1384
9	G	33	158
9	G	34	628
9	G	35	1950
9	G	36	645
9	G	37	750
9	G	38	2372
9	G	39	4
9	T	13	27
9	T	14	2
9	T	15	2
9	T	19	1
9	T	25	1
10	A	12	109
10	A	13	3044
10	A	14	66
10	A	15	140
10	A	16	10
10	A	17	3
10	A	19	2
10	A	24	297
10	A	25	287
10	A	26	206
10	A	27	177
10	A	28	6
10	A	29	13
10	A	30	242
10	A	31	2
10	A	32	702
10	A	33	6
10	A	34	616
10	A	35	2
10	A	36	186
10	A	37	1675
10	A	38	1312
10	A	39	1216
10	C	12	4
10	C	13	62
10	C	14	7
10	C	15	2
10	C	24	1
10	C	26	1
10	C	32	1
10	G	12	23
10	G	13	276
10	G	14	5
10	G	15	2
10	G	16	2
10	G	24	4
10	G	25	2
10	G	26	2
10	G	27	1
10	G	30	1
10	G	32	1
10	G	33	1
10	G	34	1
10	G	35	2
10	G	36	1
10	G	37	5
10	G	38	7
10	G	39	1
10	T	13	3
10	T	14	13
10	T	15	35
10	T	16	5
10	T	17	1
10	T	18	1
10	T	19	1
10	T	26	2
10	T	27	1
10	T	30	1
10	T	37	1
11	A	12	1
11	A	13	4
11	A	14	11
11	A	15	3
11	A	16	1
11	A	17	2
11	A	24	2
11	A	34	1
11	A	38	1
11	C	13	3
11	C	14	8
11	C	15	2
11	C	16	2
11	C	18	1
11	C	25	2
11	C	26	1
11	C	30	1
11	C	32	1
11	C	34	2
11	C	36	1
11	C	37	4
11	C	38	5
11	C	39	3
11	G	12	113
11	G	13	1429
11	G	14	72
11	G	15	95
11	G	16	9
11	G	17	2
11	G	18	2
11	G	19	1
11	G	24	280
11	G	25	248
11	G	26	200
11	G	27	139
11	G	28	5
11	G	29	13
11	G	30	234
11	G	31	3
11	G	32	616
11	G	33	12
11	G	34	661
11	G	35	3
11	G	36	143
11	G	37	1760
11	G	38	1259
11	G	39	1091
11	T	12	1
11	T	14	6
11	T	15	6
11	T	16	2
11	T	17	1
11	T	18	3
11	T	19	1
12	A	12	1
12	A	13	12
12	A	14	22
12	A	15	2
12	A	16	1
12	A	17	2
12	A	24	1
12	A	38	1
12	A	39	1
12	C	12	85
12	C	13	344
12	C	14	1612
12	C	15	83
12	C	16	12
12	C	17	6
12	C	18	1
12	C	19	1
12	C	24	129
12	C	25	107
12	C	26	88
12	C	27	89
12	C	28	4
12	C	29	3
12	C	30	4
12	C	31	5
12	C	32	2
12	C	33	602
12	C	34	341
12	C	35	2
12	C	36	140
12	C	37	920
12	C	38	740
12	C	39	658
12	G	12	22
12	G	13	83
12	G	14	2
12	G	15	1
12	G	18	1
12	G	24	1
12	G	25	1
12	G	28	1
12	G	30	2
12	G	31	2
12	G	32	1
12	G	33	2
12	G	34	1
12	G	35	2
12	G	37	1
12	G	38	5
12	T	13	2
12	T	14	4
12	T	15	7
12	T	17	1
12	T	18	1
12	T	19	1
12	T	20	1
12	T	26	2
12	T	29	1
12	T	30	1
13	A	13	1
13	A	14	6
13	A	16	3
13	A	18	1
13	A	31	1
13	C	12	2
13	C	13	4
13	C	14	4
13	G	12	852
13	G	13	51
13	G	14	23
13	G	15	2
13	G	16	2
13	G	20	1
13	G	24	127
13	G	25	99
13	G	26	126
13	G	27	42
13	G	28	33
13	G	29	28
13	G	30	280
13	G	31	320
13	G	32	237
13	G	33	125
13	G	34	446
13	G	35	183
13	G	36	30
13	G	37	223
13	G	38	838
13	T	13	8
13	T	14	12
13	T	15	1
13	T	16	4
13	T	17	1
13	T	18	3
13	T	25	1
13	T	31	1
13	T	34	1
13	T	35	3
13	T	38	2
14	A	12	27
14	A	13	14
14	A	14	5
14	A	15	2
14	A	16	1
14	A	17	1
14	A	18	2
14	A	19	1
14	A	20	1
14	A	24	2
14	A	25	1
14	A	26	1
14	A	27	1
14	A	30	1
14	C	12	111
14	C	13	5
14	C	14	3
14	C	15	1
14	C	24	2
14	C	26	1
14	C	27	1
14	C	29	1
14	C	30	1
14	C	31	1
14	C	32	1
14	C	33	1
14	C	35	2
14	C	38	2
14	G	12	196
14	G	13	6
14	G	14	5
14	G	24	1
14	G	26	1
14	G	27	1
14	G	29	1
14	T	12	32
14	T	13	907
14	T	14	22
14	T	15	4
14	T	16	4
14	T	17	1
14	T	24	116
14	T	25	109
14	T	26	124
14	T	27	66
14	T	28	6
14	T	29	11
14	T	30	14
14	T	32	124
14	T	33	8
14	T	34	104
14	T	35	167
14	T	36	108
14	T	37	39
14	T	38	186
15	A	12	4
15	A	13	7
15	A	14	1
15	A	15	1
15	A	17	1
15	A	18	2
15	A	19	2
15	C	12	104
15	C	13	438
15	C	14	23
15	C	15	11
15	C	17	2
15	C	19	1
15	C	24	64
15	C	25	49
15	C	26	32
15	C	27	28
15	C	28	1
15	C	29	5
15	C	30	73
15	C	31	3
15	C	32	127
15	C	33	16
15	C	34	55
15	C	35	133
15	C	36	57
15	C	37	44
15	C	38	96
15	C	39	1
15	G	12	14
15	G	13	16
15	G	14	2
15	G	18	1
15	G	25	1
15	G	30	1
15	G	31	1
15	G	34	1
15	G	38	3
15	T	12	2
15	T	13	6
15	T	14	3
15	T	15	2
15	T	16	2
15	T	17	1
15	T	18	1
15	T	24	1
15	T	26	1
16	A	12	1
16	A	13	2
16	A	15	1
16	A	16	4
16	C	12	2
16	C	13	2
16	C	14	2
16	G	12	174
16	G	13	8
16	G	14	13
16	G	15	1
16	G	16	3
16	G	17	1
16	G	18	1
16	G	19	1
16	G	24	26
16	G	25	17
16	G	26	34
16	G	27	8
16	G	28	10
16	G	29	7
16	G	30	41
16	G	31	50
16	G	32	48
16	G	33	23
16	G	34	59
16	G	35	39
16	G	36	5
16	G	37	34
16	G	38	77
16	T	12	5
16	T	13	5
16	T	14	2
16	T	16	1
16	T	17	2
16	T	25	2
17	A	12	8
17	A	13	4
17	A	14	4
17	A	15	1
17	A	16	2
17	A	17	1
17	A	24	1
17	C	12	8
17	C	13	4
17	C	14	1
17	C	16	1
17	C	25	1
17	G	12	82
17	G	13	6
17	G	14	6
17	G	18	2
17	G	24	2
17	G	26	1
17	G	30	1
17	T	12	107
17	T	13	10
17	T	14	6
17	T	15	3
17	T	16	3
17	T	24	12
17	T	25	15
17	T	26	12
17	T	27	8
17	T	28	1
17	T	29	4
17	T	30	4
17	T	31	10
17	T	32	5
17	T	33	12
17	T	34	6
17	T	35	5
17	T	37	4
17	T	38	9
18	A	12	3
18	A	13	2
18	A	14	1
18	A	16	1
18	A	17	1
18	C	12	1
18	C	13	1
18	C	14	1
18	C	16	1
18	C	25	1
18	G	12	39
18	G	13	50
18	G	14	15
18	G	15	3
18	G	16	7
18	G	18	1
18	G	19	2
18	G	24	9
18	G	25	5
18	G	26	10
18	G	27	2
18	G	29	2
18	G	30	4
18	G	31	1
18	G	32	13
18	G	33	1
18	G	34	4
18	G	35	12
18	G	36	4
18	G	37	9
18	G	38	6
18	T	13	5
18	T	14	3
18	T	19	2
19	A	12	6
19	A	13	6
19	A	14	2
19	A	15	3
19	A	16	3
19	A	19	1
19	A	25	1
19	A	27	1
19	C	12	3
19	C	14	2
19	C	15	1
19	C	16	1
19	C	18	1
19	G	12	15
19	G	13	9
19	G	14	3
19	G	24	1
19	T	12	7
19	T	13	21
19	T	14	7
19	T	15	5
19	T	16	3
19	T	17	1
19	T	19	1
19	T	24	4
19	T	25	7
19	T	26	5
19	T	27	2
19	T	29	3
19	T	30	5
19	T	31	2
19	T	32	4
19	T	33	5
19	T	36	7
19	T	37	1
19	T	38	3
19	T	39	2
20	A	12	9
20	A	13	13
20	A	14	21
20	A	15	3
20	A	16	2
20	A	17	2
20	A	19	2
20	A	24	3
20	A	25	1
20	A	26	3
20	A	27	2
20	A	29	1
20	A	30	3
20	A	31	2
20	A	33	6
20	A	34	3
20	A	35	1
20	A	37	4
20	C	12	3
20	C	13	3
20	C	14	1
20	C	15	2
20	C	16	1
20	C	24	2
20	G	12	7
20	G	13	7
20	G	14	1
20	G	15	2
20	G	16	1
20	G	24	1
20	G	26	1
20	G	30	1
20	T	13	3
20	T	15	1
20	T	16	1
20	T	19	1
20	T	27	1
20	T	29	1
21	A	12	3
21	A	14	1
21	A	18	1
21	A	19	1
21	C	12	1
21	C	14	1
21	C	15	2
21	C	16	1
21	C	26	2
21	G	12	7
21	G	13	13
21	G	14	9
21	G	15	10
21	G	16	6
21	G	17	3
21	G	18	2
21	G	19	2
21	G	24	3
21	G	25	2
21	G	26	4
21	G	27	2
21	G	28	1
21	G	30	3
21	G	32	2
21	G	33	3
21	G	37	2
21	G	38	4
21	T	14	1
21	T	15	1
21	T	16	1
21	T	17	2
21	T	19	2
22	A	15	3
22	A	16	1
22	A	18	1
22	A	19	1
22	C	12	2
22	C	14	2
22	C	15	1
22	C	16	1
22	C	17	1
22	G	12	13
22	G	13	16
22	G	14	7
22	G	15	4
22	G	16	6
22	G	17	2
22	G	18	3
22	G	19	1
22	G	24	3
22	G	25	1
22	G	26	1
22	G	27	1
22	G	28	1
22	G	29	1
22	G	30	2
22	G	31	1
22	G	32	1
22	G	33	3
22	G	35	1
22	G	37	3
22	T	14	3
22	T	17	2
22	T	27	1
23	A	13	4
23	A	15	2
23	A	17	1
23	C	15	2
23	C	19	1
23	G	12	18
23	G	13	18
23	G	14	11
23	G	15	2
23	G	16	1
23	G	17	2
23	G	18	1
23	G	24	2
23	G	25	1
23	G	26	4
23	G	27	4
23	G	28	1
23	G	29	1
23	G	30	2
23	G	32	2
23	G	33	2
23	G	37	1
23	T	13	2
23	T	16	1
23	T	17	2
24	A	12	6
24	A	13	16
24	A	14	10
24	A	15	6
24	A	17	2
24	A	18	1
24	A	19	2
24	A	24	3
24	A	25	1
24	A	26	1
24	A	27	2
24	A	29	3
24	A	30	2
24	A	31	2
24	A	32	1
24	A	33	3
24	A	34	1
24	C	13	3
24	C	15	3
24	C	17	1
24	G	13	2
24	G	14	1
24	G	27	2
24	T	12	1
24	T	15	3
24	T	18	2
24	T	19	1
24	T	24	1
24	T	25	1
24	T	30	1
24	T	33	1
25	A	12	8
25	A	13	9
25	A	14	8
25	A	15	4
25	A	18	3
25	A	24	1
25	A	25	4
25	A	26	3
25	A	27	4
25	A	29	1
25	A	30	2
25	A	31	2
25	A	32	1
25	A	33	3
25	C	13	4
25	C	14	3
25	C	17	1
25	C	27	1
25	G	12	1
25	G	13	1
25	G	14	1
25	G	15	1
25	G	16	1
25	G	17	1
25	G	27	1
25	T	13	1
25	T	14	2
25	T	15	1
25	T	16	2
25	T	17	1
25	T	19	1
25	T	24	1
25	T	25	1
26	A	12	2
26	A	13	16
26	A	14	6
26	A	15	3
26	A	16	2
26	A	17	1
26	A	18	2
26	A	19	1
26	A	24	2
26	A	25	3
26	A	26	1
26	A	27	5
26	A	31	1
26	A	32	1
26	A	33	1
26	A	34	4
26	A	38	1
26	C	12	1
26	C	14	1
26	C	16	1
26	C	30	1
26	G	13	4
26	G	14	3
26	G	15	1
26	G	16	1
26	G	31	1
26	T	13	6
26	T	14	4
26	T	15	1
26	T	16	1
27	A	13	6
27	A	14	1
27	A	15	1
27	C	12	1
27	C	13	1
27	C	14	3
27	C	15	3
27	G	12	1
27	G	13	17
27	G	14	9
27	G	15	7
27	G	16	4
27	G	17	2
27	G	19	1
27	G	25	1
27	G	27	3
27	G	30	1
27	G	32	1
27	G	33	3
27	G	34	1
27	T	13	2
27	T	14	1
27	T	16	1
27	T	17	2
27	T	18	1
28	A	12	1
28	A	13	4
28	A	14	8
28	A	15	5
28	A	16	4
28	A	17	1
28	A	18	2
28	A	19	1
28	A	24	1
28	A	25	2
28	A	26	1
28	A	27	6
28	A	29	2
28	A	30	1
28	A	31	1
28	A	33	3
28	A	34	1
28	A	37	1
28	A	38	1
28	C	13	2
28	C	16	1
28	C	25	1
28	C	33	1
28	G	12	1
28	G	13	5
28	G	14	1
28	G	17	1
28	G	18	1
28	G	27	1
28	T	13	1
28	T	14	2
28	T	15	4
28	T	16	2
28	T	26	1
28	T	27	2
29	A	15	1
29	A	16	1
29	A	18	1
29	C	13	2
29	C	15	2
29	C	16	1
29	G	12	1
29	G	13	11
29	G	14	11
29	G	15	9
29	G	16	3
29	G	17	1
29	G	24	4
29	G	25	2
29	G	26	1
29	G	27	4
29	G	29	1
29	G	30	1
29	G	31	2
29	G	33	1
29	G	34	1
29	G	37	3
29	G	38	1
29	T	13	1
29	T	14	1
29	T	15	1
29	T	16	2
29	T	17	2
29	T	26	1
30	A	13	4
30	A	14	5
30	A	15	3
30	A	16	4
30	A	24	1
30	A	27	1
30	A	30	2
30	C	13	2
30	C	14	2
30	C	16	2
30	G	12	3
30	G	13	5
30	G	14	3
30	G	16	1
30	G	17	1
30	G	18	1
30	G	24	1
30	G	25	1
30	G	27	1
30	G	30	1
30	T	12	1
30	T	13	3
30	T	14	1
30	T	15	1
30	T	16	3
30	T	17	1
30	T	19	1
30	T	24	2
30	T	25	1
30	T	26	2
30	T	27	2
30	T	28	2
30	T	29	1
30	T	30	2
30	T	33	4
30	T	35	1
30	T	38	1
31	A	13	1
31	A	18	1
31	A	26	1
31	C	15	1
31	G	12	7
31	G	13	12
31	G	14	13
31	G	15	7
31	G	16	5
31	G	17	2
31	G	18	2
31	G	24	1
31	G	25	1
31	G	26	1
31	G	27	5
31	G	29	2
31	G	30	3
31	G	31	1
31	T	12	1
31	T	15	2
31	T	17	1
31	T	18	1
31	T	27	1
31	T	33	1
32	A	13	4
32	A	14	3
32	A	15	3
32	A	16	1
32	A	17	5
32	A	18	1
32	A	24	2
32	A	33	1
32	C	12	1
32	C	13	3
32	C	16	1
32	C	24	1
32	C	25	1
32	G	12	7
32	G	13	3
32	G	14	3
32	G	16	1
32	T	12	1
32	T	13	2
32	T	14	4
32	T	15	3
32	T	16	2
32	T	19	1
32	T	24	1
32	T	25	1
32	T	26	1
32	T	27	4
32	T	28	1
32	T	29	1
32	T	30	3
32	T	31	1
32	T	32	1
32	T	33	2
32	T	37	1
33	A	12	1
33	A	13	9
33	A	14	6
33	A	15	2
33	A	16	3
33	A	17	5
33	A	18	2
33	A	19	2
33	A	24	2
33	A	25	2
33	A	26	1
33	A	27	4
33	A	28	3
33	A	29	1
33	A	30	1
33	A	31	1
33	A	33	3
33	A	34	1
33	A	35	1
33	A	37	1
33	C	13	1
33	C	16	1
33	C	26	1
33	G	12	2
33	G	13	2
33	G	15	2
33	G	18	1
33	G	27	1
33	T	13	2
33	T	14	1
33	T	15	1
33	T	16	1
33	T	17	1
34	A	13	3
34	A	14	1
34	A	15	1
34	A	16	1
34	A	18	1
34	A	19	1
34	A	24	1
34	A	26	1
34	C	13	1
34	G	12	6
34	G	13	6
34	G	14	6
34	G	15	6
34	G	16	4
34	G	17	2
34	G	19	2
34	G	24	1
34	G	25	1
34	G	26	3
34	G	27	1
34	G	29	1
34	G	30	2
34	G	33	1
34	G	34	2
34	G	35	2
34	G	37	2
34	T	14	2
34	T	15	1
34	T	16	1
34	T	17	1
34	T	18	1
34	T	35	1
35	A	12	1
35	A	13	4
35	A	14	7
35	A	15	9
35	A	16	3
35	A	18	2
35	A	26	2
35	A	27	3
35	A	28	1
35	A	29	2
35	A	30	2
35	A	31	2
35	A	33	4
35	A	34	1
35	A	35	1
35	A	37	3
35	A	38	2
35	C	12	1
35	C	14	2
35	C	17	1
35	G	12	2
35	G	13	2
35	G	16	1
35	G	25	1
35	T	16	1
35	T	17	1
35	T	18	1
35	T	25	1
35	T	27	1
35	T	29	1
36	A	13	2
36	A	14	1
36	A	15	4
36	A	17	1
36	A	18	1
36	A	24	1
36	A	30	1
36	A	31	1
36	C	13	2
36	C	14	3
36	C	15	2
36	C	18	1
36	C	25	1
36	G	12	3
36	G	13	1
36	G	14	1
36	G	15	3
36	G	16	2
36	G	18	1
36	G	27	1
36	T	13	2
36	T	14	1
36	T	15	5
36	T	16	4
36	T	17	1
36	T	18	3
36	T	19	1
36	T	24	2
36	T	25	1
36	T	26	2
36	T	27	2
36	T	28	2
36	T	31	1
36	T	33	3
36	T	39	1
37	A	12	1
37	A	13	2
37	A	14	1
37	A	15	6
37	A	17	1
37	A	18	1
37	A	19	1
37	A	24	1
37	C	12	1
37	C	13	5
37	C	14	3
37	C	15	7
37	C	16	5
37	C	17	5
37	C	18	2
37	C	24	2
37	C	25	1
37	C	26	1
37	C	27	2
37	C	28	1
37	C	31	1
37	C	33	2
37	G	14	1
37	G	15	2
37	G	18	2
37	G	19	1
37	T	14	1
37	T	15	4
37	T	24	1
38	A	12	1
38	A	13	1
38	A	14	1
38	A	15	4
38	A	17	2
38	A	18	1
38	A	19	1
38	A	24	2
38	A	26	1
38	C	12	1
38	C	13	2
38	C	14	3
38	C	15	2
38	C	16	2
38	C	18	1
38	G	12	1
38	G	13	1
38	G	14	1
38	G	18	1
38	T	13	2
38	T	14	1
38	T	15	9
38	T	16	2
38	T	17	3
38	T	18	1
38	T	24	1
38	T	27	2
38	T	28	2
38	T	30	3
38	T	31	1
38	T	33	1
38	T	34	2
38	T	35	1
38	T	37	3
39	A	13	2
39	A	14	1
39	A	15	2
39	A	16	2
39	C	12	1
39	C	13	3
39	C	14	3
39	C	15	15
39	C	16	2
39	C	17	2
39	C	18	5
39	C	19	1
39	C	25	1
39	C	26	2
39	C	27	3
39	C	29	2
39	C	33	1
39	C	34	1
39	C	38	1
39	G	12	1
39	G	13	2
39	G	14	1
39	G	15	1
39	G	16	1
39	T	14	2
39	T	15	3
39	T	33	1
40	A	13	1
40	A	15	3
40	A	16	2
40	A	24	1
40	A	31	1
40	C	12	2
40	C	13	1
40	C	14	1
40	C	15	1
40	C	24	1
40	G	12	3
40	G	13	13
40	G	14	12
40	G	15	5
40	G	16	1
40	G	18	1
40	G	24	2
40	G	25	2
40	G	26	2
40	G	33	1
40	T	13	1
40	T	16	3
40	T	17	1
40	T	18	1
41	A	13	1
41	A	14	1
41	A	15	2
41	A	16	2
41	A	17	1
41	A	25	1
41	C	14	2
41	G	12	9
41	G	13	10
41	G	14	6
41	G	15	3
41	G	16	1
41	G	17	1
41	G	18	1
41	G	24	2
41	G	26	2
41	G	27	4
41	G	29	1
41	G	30	2
41	T	13	2
41	T	14	1
41	T	15	2
41	T	16	2
41	T	27	1
41	T	31	1
42	A	12	2
42	A	13	7
42	A	14	2
42	A	15	4
42	A	16	1
42	A	26	2
42	A	29	1
42	C	12	3
42	C	14	1
42	C	24	1
42	G	12	4
42	G	13	2
42	G	14	1
42	G	15	1
42	G	16	1
42	G	18	1
42	T	12	1
42	T	13	2
42	T	14	2
42	T	15	1
42	T	16	4
42	T	24	1
42	T	25	1
42	T	26	3
42	T	27	3
42	T	29	1
42	T	30	4
42	T	31	1
42	T	34	1
43	A	14	3
43	A	17	1
43	A	27	1
43	C	13	3
43	C	14	1
43	C	16	1
43	G	12	9
43	G	13	7
43	G	14	5
43	G	16	3
43	G	17	1
43	G	24	3
43	G	26	3
43	G	27	3
43	G	30	1
43	G	35	1
43	G	37	1
43	T	13	3
43	T	14	2
43	T	15	3
43	T	16	2
43	T	31	1
44	A	12	1
44	A	13	3
44	A	14	2
44	A	15	1
44	A	16	1
44	A	29	1
44	C	12	2
44	C	14	1
44	C	16	1
44	G	12	8
44	G	13	7
44	G	14	6
44	G	15	2
44	G	16	3
44	G	24	3
44	G	25	2
44	G	27	3
44	G	29	1
44	G	30	1
44	T	13	5
44	T	14	1
44	T	17	1
44	T	29	1
45	A	12	2
45	A	13	4
45	A	14	1
45	A	15	1
45	A	16	1
45	A	17	1
45	A	18	1
45	A	25	1
45	A	27	1
45	A	30	1
45	A	34	1
45	C	12	2
45	C	13	4
45	C	15	1
45	C	24	3
45	G	12	7
45	G	14	2
45	G	15	1
45	G	24	1
45	G	26	1
45	G	27	1
45	T	13	3
45	T	14	1
45	T	15	3
45	T	17	1
45	T	25	1
45	T	26	3
45	T	27	1
45	T	30	2
45	T	31	1
45	T	33	1
45	T	37	1
46	A	12	1
46	A	13	1
46	A	14	2
46	A	15	3
46	A	17	1
46	A	27	1
46	A	30	1
46	C	12	3
46	C	13	2
46	C	14	5
46	C	15	8
46	C	16	2
46	C	17	3
46	C	18	2
46	C	24	2
46	C	25	2
46	C	26	1
46	G	12	3
46	G	14	2
46	T	13	2
46	T	14	1
46	T	15	2
46	T	17	1
46	T	24	1
46	T	25	1
46	T	33	1
47	A	12	3
47	A	13	1
47	A	15	2
47	A	16	2
47	C	12	1
47	C	13	1
47	C	14	1
47	C	17	1
47	G	12	8
47	G	13	4
47	G	14	8
47	G	15	3
47	G	16	2
47	G	17	1
47	G	25	2
47	G	26	3
47	G	27	2
47	G	28	1
47	G	29	1
47	G	30	1
47	T	13	1
47	T	15	3
47	T	16	1
48	A	12	2
48	A	14	1
48	A	16	2
48	A	18	1
48	A	25	1
48	C	12	8
48	C	13	4
48	C	14	7
48	C	15	2
48	C	25	3
48	C	27	2
48	C	29	1
48	C	30	2
48	G	12	3
48	G	13	3
48	G	14	1
48	G	16	1
48	T	12	1
48	T	14	1
48	T	15	2
48	T	17	1
48	T	24	1
49	A	13	3
49	A	14	1
49	A	17	2
49	A	24	1
49	C	12	4
49	C	13	5
49	C	14	10
49	C	15	3
49	C	16	2
49	C	24	1
49	C	25	1
49	C	26	3
49	C	27	2
49	C	29	2
49	C	31	1
49	G	12	1
49	G	13	1
49	G	17	1
49	T	13	1
49	T	14	1
49	T	15	1
49	T	16	2
50	A	13	3
50	A	14	1
50	A	15	2
50	A	16	2
50	A	31	1
50	C	13	1
50	G	12	10
50	G	13	9
50	G	14	7
50	G	15	3
50	G	16	1
50	G	17	1
50	G	24	1
50	G	25	2
50	G	26	1
50	G	27	1
50	G	30	1
50	G	31	1
51	A	12	7
51	A	14	3
51	A	15	1
51	A	24	1
51	A	27	3
51	C	12	2
51	C	13	1
51	C	14	1
51	G	12	1
51	G	13	2
51	G	14	2
51	G	15	1
51	T	12	4
51	T	13	1
51	T	14	2
51	T	16	2
51	T	17	2
51	T	24	1
51	T	25	1
51	T	26	4
51	T	27	3
51	T	29	1
51	T	30	1
51	T	35	1
52	A	12	4
52	A	13	6
52	A	14	4
52	A	15	3
52	A	16	1
52	A	25	2
52	A	26	1
52	A	27	3
52	A	29	1
52	A	30	1
52	A	34	1
52	C	12	3
52	C	15	1
52	C	27	1
52	G	12	2
52	G	13	3
52	G	14	2
52	G	17	1
52	G	24	1
52	T	13	3
52	T	14	1
52	T	27	1
53	A	12	1
53	A	13	4
53	A	17	1
53	A	27	1
53	A	37	1
53	C	12	1
53	C	14	1
53	C	25	1
53	G	12	2
53	G	14	1
53	T	12	1
53	T	13	6
53	T	14	1
53	T	15	3
53	T	16	3
53	T	17	2
53	T	24	1
53	T	25	1
53	T	26	2
53	T	27	4
53	T	29	1
53	T	30	2
53	T	31	1
53	T	34	1
53	T	37	1
54	A	12	2
54	A	13	2
54	A	14	3
54	A	16	1
54	A	17	2
54	A	33	1
54	C	12	4
54	C	13	6
54	C	14	3
54	C	15	4
54	C	16	2
54	C	25	1
54	C	26	3
54	C	31	1
54	C	37	1
54	G	13	1
54	G	15	1
54	G	16	1
54	T	13	1
54	T	14	1
54	T	15	1
54	T	17	1
54	T	25	1
55	A	14	2
55	A	15	5
55	A	16	3
55	A	17	3
55	A	26	3
55	A	27	3
55	A	28	1
55	A	33	2
55	C	13	1
55	C	14	2
55	C	15	2
55	C	16	2
55	C	17	1
55	C	30	1
55	G	12	1
55	G	13	4
55	T	13	2
55	T	14	1
55	T	15	2
55	T	16	1
55	T	17	1
55	T	27	1
56	A	14	2
56	A	15	3
56	A	16	2
56	A	24	1
56	A	29	1
56	A	31	1
56	C	14	1
56	G	12	1
56	G	13	3
56	G	15	2
56	G	16	2
56	G	17	1
56	T	14	3
56	T	15	6
56	T	16	2
56	T	17	2
56	T	24	1
56	T	26	2
56	T	27	3
56	T	28	1
56	T	30	2
56	T	31	1
56	T	38	1
57	A	13	2
57	A	16	1
57	A	17	2
57	A	24	1
57	A	35	1
57	C	14	1
57	C	24	1
57	G	12	1
57	G	15	1
57	G	16	1
57	T	13	2
57	T	14	2
57	T	15	7
57	T	16	3
57	T	24	1
57	T	25	1
57	T	26	3
57	T	27	1
57	T	28	1
57	T	29	3
57	T	30	1
57	T	31	1
57	T	35	1
57	T	37	2
57	T	38	1
58	A	13	1
58	A	14	1
58	A	15	2
58	A	16	1
58	A	17	1
58	A	24	1
58	A	25	1
58	A	26	5
58	A	27	1
58	A	29	1
58	A	31	2
58	A	34	1
58	A	35	2
58	A	37	3
58	A	38	1
58	C	13	1
58	C	14	3
58	C	16	3
58	C	27	1
58	G	13	2
58	G	15	1
58	G	16	2
58	G	17	1
58	G	26	1
58	T	12	1
58	T	15	1
58	T	16	1
59	A	13	5
59	A	14	1
59	A	15	5
59	A	16	3
59	A	17	1
59	A	24	1
59	A	26	3
59	A	28	1
59	A	29	1
59	A	31	1
59	A	32	1
59	A	37	1
59	A	39	1
59	C	13	1
59	C	14	2
59	C	16	4
59	C	24	1
59	G	12	1
59	G	15	1
59	T	13	1
59	T	14	1
59	T	15	1
59	T	16	2
59	T	28	1
59	T	31	1
60	A	13	1
60	A	14	1
60	A	15	6
60	A	16	2
60	A	17	2
60	A	24	1
60	A	25	1
60	A	26	1
60	A	27	1
60	A	28	1
60	A	29	3
60	A	35	1
60	C	14	2
60	C	15	3
60	C	16	1
60	G	14	3
60	G	15	1
60	G	16	2
60	G	17	1
60	G	24	1
60	T	13	1
60	T	16	3
61	A	14	1
61	A	15	4
61	A	16	1
61	A	24	1
61	A	25	1
61	A	26	2
61	A	27	2
61	A	28	2
61	A	30	2
61	A	31	1
61	A	35	1
61	A	39	1
61	C	16	1
61	C	17	1
61	C	27	1
61	G	13	1
61	G	14	3
61	G	16	1
61	T	14	1
61	T	15	3
61	T	16	2
61	T	26	2
61	T	27	1
61	T	29	1
62	A	12	1
62	A	13	1
62	A	14	2
62	A	15	5
62	A	16	3
62	A	24	3
62	A	26	2
62	A	28	4
62	A	31	2
62	C	14	1
62	C	17	1
62	C	38	1
62	G	12	1
62	G	13	1
62	G	15	3
62	G	16	2
62	T	15	2
62	T	16	1
62	T	33	1
63	A	12	2
63	A	13	4
63	A	14	2
63	A	15	4
63	A	16	3
63	A	26	4
63	A	27	3
63	A	29	1
63	A	32	1
63	C	13	1
63	C	14	1
63	C	15	1
63	G	14	1
63	G	15	1
63	G	16	1
63	T	15	3
63	T	16	2
63	T	17	1
63	T	29	1
64	A	12	1
64	A	13	1
64	A	14	2
64	A	15	2
64	A	16	2
64	A	17	1
64	A	25	2
64	A	26	1
64	A	27	1
64	A	35	1
64	A	37	1
64	C	15	1
64	C	28	1
64	G	13	1
64	G	14	1
64	G	15	3
64	G	16	2
64	G	29	1
64	T	13	1
64	T	14	1
64	T	15	2
64	T	16	4
64	T	26	1
64	T	27	1
64	T	28	1
64	T	30	1
65	A	12	1
65	A	13	2
65	A	14	2
65	A	15	7
65	A	16	2
65	A	26	1
65	A	30	1
65	A	35	1
65	A	37	1
65	C	13	2
65	C	15	1
65	C	16	2
65	C	24	1
65	G	13	1
65	G	14	1
65	G	16	1
65	T	15	2
65	T	16	3
65	T	17	1
65	T	24	1
65	T	25	1
65	T	28	1
65	T	29	1
66	A	12	2
66	A	13	2
66	A	14	1
66	A	15	4
66	A	16	2
66	A	26	1
66	A	27	1
66	A	30	1
66	A	31	1
66	A	33	2
66	A	37	1
66	C	13	1
66	C	14	1
66	C	15	2
66	C	16	1
66	G	13	2
66	G	16	1
66	G	27	1
66	G	31	1
66	T	14	1
66	T	15	3
66	T	16	1
66	T	27	2
67	A	12	3
67	A	13	2
67	A	15	3
67	A	16	1
67	A	26	1
67	A	35	1
67	C	13	2
67	C	14	1
67	C	27	1
67	C	29	1
67	C	34	1
67	G	13	1
67	G	14	3
67	G	15	3
67	G	16	1
67	G	17	1
67	G	24	1
67	T	14	1
67	T	15	1
67	T	16	4
67	T	26	1
67	T	31	1
68	A	12	2
68	A	13	2
68	A	14	2
68	A	15	2
68	A	16	2
68	A	24	2
68	A	28	1
68	C	13	3
68	C	14	1
68	C	16	1
68	G	13	1
68	G	14	1
68	G	15	1
68	G	16	1
68	G	28	1
68	G	29	1
68	T	13	1
68	T	14	1
68	T	15	2
68	T	16	3
68	T	26	1
68	T	27	2
68	T	28	1
69	A	12	2
69	A	13	1
69	A	14	1
69	A	16	2
69	A	28	2
69	A	31	1
69	C	13	3
69	C	14	1
69	C	15	1
69	C	27	1
69	C	28	1
69	G	16	1
69	G	26	1
69	G	27	1
69	G	30	1
69	T	12	2
69	T	13	2
69	T	14	4
69	T	15	1
69	T	27	2
69	T	29	2
69	T	33	1
69	T	35	1
70	A	12	1
70	A	13	3
70	A	14	3
70	A	15	1
70	A	16	3
70	A	17	1
70	A	24	1
70	A	26	3
70	A	27	1
70	A	28	1
70	C	13	1
70	C	14	1
70	C	15	1
70	C	29	1
70	G	13	1
70	G	14	1
70	G	16	2
70	G	26	1
70	T	14	1
70	T	15	1
70	T	16	2
70	T	28	1
70	T	31	1
70	T	37	1
71	A	12	1
71	A	13	3
71	A	14	1
71	A	15	2
71	A	25	1
71	A	29	1
71	C	13	1
71	C	14	1
71	C	15	1
71	C	16	1
71	C	27	1
71	G	13	1
71	G	14	1
71	G	15	2
71	G	24	2
71	G	27	2
71	G	28	1
71	G	33	1
71	T	12	1
71	T	15	3
71	T	16	3
71	T	28	1
71	T	29	1
71	T	35	1
72	A	12	1
72	A	13	4
72	A	14	1
72	A	15	3
72	A	16	3
72	C	13	1
72	C	14	1
72	C	15	1
72	C	24	1
72	G	15	2
72	G	16	1
72	G	26	1
72	G	27	3
72	T	15	2
72	T	16	3
72	T	25	1
72	T	27	1
72	T	28	1
72	T	34	1
72	T	35	1
73	A	12	1
73	A	13	1
73	A	14	1
73	A	15	4
73	A	16	4
73	A	27	1
73	A	28	1
73	A	33	1
73	C	13	1
73	C	14	2
73	C	16	2
73	G	12	2
73	G	13	2
73	G	15	1
73	G	25	1
73	G	27	1
73	G	38	1
73	T	12	1
73	T	15	2
73	T	16	2
73	T	25	1
74	A	13	1
74	A	14	3
74	A	15	2
74	A	26	1
74	A	30	2
74	C	12	1
74	C	16	1
74	C	26	1
74	C	27	2
74	G	13	2
74	G	14	1
74	G	15	1
74	G	24	1
74	G	26	1
74	G	30	1
74	T	13	2
74	T	14	1
74	T	15	4
74	T	16	1
74	T	26	1
74	T	29	1
74	T	33	1
75	A	12	1
75	A	15	5
75	A	17	1
75	A	24	3
75	A	26	2
75	A	27	2
75	A	34	1
75	A	37	2
75	C	13	2
75	C	14	1
75	G	12	1
75	G	14	2
75	G	15	1
75	G	26	1
75	G	30	1
75	T	12	1
75	T	13	1
75	T	16	2
75	T	27	1
75	T	28	1
76	A	12	1
76	A	14	1
76	A	15	1
76	A	16	2
76	A	27	1
76	A	33	2
76	A	34	2
76	A	37	1
76	C	12	1
76	C	13	1
76	C	16	1
76	C	24	1
76	C	25	1
76	G	12	1
76	G	13	2
76	G	14	1
76	G	15	2
76	G	30	1
76	T	12	1
76	T	13	1
76	T	15	3
76	T	26	1
76	T	28	1
76	T	29	2
77	A	12	1
77	A	13	2
77	A	15	5
77	A	16	1
77	A	29	1
77	C	12	1
77	C	13	3
77	C	16	1
77	G	12	2
77	G	14	1
77	G	15	1
77	G	16	2
77	G	26	1
77	G	28	1
77	T	12	1
77	T	13	1
77	T	15	3
77	T	16	2
77	T	24	1
77	T	28	1
78	A	13	1
78	A	14	1
78	A	15	3
78	A	16	2
78	A	24	1
78	A	25	1
78	A	26	1
78	A	27	2
78	A	35	1
78	C	14	1
78	C	15	2
78	G	12	1
78	G	13	1
78	G	14	1
78	G	15	1
78	G	24	1
78	G	26	1
78	T	15	3
78	T	16	3
78	T	29	1
78	T	33	1
79	A	13	3
79	A	15	4
79	A	16	3
79	A	24	1
79	A	26	1
79	A	27	1
79	A	28	1
79	C	12	1
79	C	13	1
79	C	15	2
79	C	16	1
79	C	24	1
79	C	27	1
79	G	13	2
79	G	15	2
79	G	16	1
79	T	15	1
79	T	26	1
79	T	29	1
79	T	34	1
80	A	13	4
80	A	15	2
80	A	16	2
80	A	24	1
80	A	35	1
80	A	38	1
80	C	12	1
80	C	14	2
80	C	15	2
80	C	33	1
80	C	35	1
80	G	14	1
80	G	16	2
80	G	24	1
80	G	25	1
80	T	15	4
80	T	24	1
80	T	27	1
80	T	35	1
81	A	14	1
81	A	15	2
81	A	24	1
81	A	26	1
81	A	38	1
81	C	12	1
81	C	13	2
81	C	14	1
81	C	15	1
81	C	25	1
81	C	26	1
81	C	33	1
81	G	15	2
81	G	16	1
81	G	24	2
81	G	27	1
81	G	35	1
81	T	15	6
81	T	16	3
82	A	13	3
82	A	15	2
82	A	24	1
82	A	26	2
82	A	28	1
82	A	35	1
82	C	13	1
82	C	15	1
82	C	16	1
82	C	28	1
82	C	29	1
82	G	12	1
82	G	13	1
82	G	14	1
82	G	15	2
82	G	24	1
82	G	26	1
82	T	12	1
82	T	15	2
82	T	26	1
82	T	31	1
82	T	33	2
83	A	13	1
83	A	14	3
83	A	15	5
83	A	16	2
83	A	26	1
83	A	27	2
83	A	34	1
83	A	38	1
83	C	13	1
83	C	15	2
83	G	14	2
83	G	15	1
83	T	14	2
83	T	15	2
83	T	24	1
83	T	27	1
83	T	28	1
84	A	13	4
84	A	14	1
84	A	15	4
84	A	16	2
84	C	14	2
84	C	16	1
84	C	24	1
84	C	27	1
84	G	12	1
84	G	13	1
84	G	15	1
84	G	26	2
84	T	14	2
84	T	15	2
84	T	16	1
84	T	27	1
84	T	28	2
85	A	12	1
85	A	14	1
85	A	15	1
85	A	16	3
85	A	24	2
85	A	33	1
85	A	35	1
85	A	37	1
85	C	13	1
85	C	15	1
85	G	13	1
85	G	14	3
85	G	15	2
85	G	16	1
85	G	24	1
85	G	26	1
85	T	13	1
85	T	14	2
85	T	15	2
85	T	28	2
86	A	14	2
86	A	15	3
86	A	16	1
86	A	24	2
86	A	27	1
86	C	14	1
86	G	13	3
86	G	14	1
86	G	16	2
86	T	14	1
86	T	15	4
86	T	16	1
86	T	26	2
86	T	27	1
86	T	35	1
87	A	12	1
87	A	14	2
87	A	15	2
87	A	16	1
87	A	25	1
87	A	27	1
87	A	36	1
87	A	37	1
87	C	15	3
87	C	34	1
87	G	12	1
87	G	27	2
87	G	28	1
87	T	13	1
87	T	14	2
87	T	15	1
87	T	16	1
87	T	27	1
87	T	28	2
88	A	15	1
88	A	16	2
88	A	28	1
88	A	36	1
88	C	13	1
88	C	14	1
88	C	15	1
88	C	25	1
88	C	26	1
88	C	34	1
88	G	12	1
88	G	13	1
88	G	14	1
88	G	15	2
88	G	24	1
88	G	26	1
88	G	27	1
88	G	34	1
88	T	15	2
88	T	16	1
88	T	27	2
88	T	28	1
89	A	14	1
89	A	15	1
89	A	24	1
89	A	36	1
89	C	14	1
89	C	16	1
89	C	26	1
89	G	12	1
89	G	13	1
89	G	24	1
89	G	26	2
89	G	27	1
89	G	35	1
89	T	12	1
89	T	13	1
89	T	15	2
89	T	16	2
89	T	27	2
89	T	28	2
89	T	29	1
90	A	15	2
90	A	16	2
90	A	26	1
90	A	28	1
90	A	37	1
90	C	14	1
90	C	15	1
90	C	24	1
90	C	27	1
90	G	12	1
90	G	13	3
90	G	16	1
90	G	24	1
90	G	35	1
90	T	13	1
90	T	15	2
90	T	25	1
90	T	26	1
90	T	27	1
90	T	33	1
91	A	13	2
91	A	14	1
91	A	15	1
91	A	17	1
91	A	26	1
91	A	27	1
91	A	28	1
91	A	34	1
91	A	38	1
91	C	12	1
91	C	13	1
91	C	15	2
91	C	34	1
91	G	12	1
91	G	15	1
91	G	24	1
91	G	29	1
91	G	38	1
91	T	14	1
91	T	15	2
91	T	26	1
91	T	37	1
92	A	13	2
92	A	14	1
92	A	15	3
92	A	24	1
92	A	35	1
92	C	13	1
92	C	14	1
92	C	33	1
92	G	15	1
92	G	16	1
92	G	33	1
92	T	12	1
92	T	13	1
92	T	14	1
92	T	15	2
92	T	16	1
92	T	25	3
92	T	27	1
92	T	35	1
93	A	13	2
93	A	14	1
93	A	15	2
93	C	13	1
93	C	14	1
93	C	15	1
93	C	34	1
93	G	12	2
93	G	14	1
93	G	15	1
93	G	27	1
93	T	14	1
93	T	15	4
93	T	16	1
93	T	26	2
93	T	27	1
93	T	28	1
93	T	29	1
94	A	13	1
94	A	14	1
94	A	15	1
94	A	16	1
94	A	25	2
94	A	35	1
94	C	15	1
94	C	32	1
94	G	12	3
94	G	13	1
94	G	14	1
94	G	27	2
94	T	12	1
94	T	15	4
94	T	26	3
94	T	28	1
95	A	13	2
95	A	14	1
95	A	15	4
95	A	16	1
95	A	27	1
95	A	28	1
95	C	14	1
95	C	15	1
95	C	16	1
95	C	34	1
95	G	12	1
95	G	24	1
95	G	26	1
95	G	34	1
95	T	13	1
95	T	15	2
95	T	25	1
95	T	26	2
95	T	27	1
96	A	13	1
96	A	14	1
96	A	15	3
96	A	25	2
96	C	13	1
96	C	15	1
96	C	16	2
96	C	26	1
96	C	27	1
96	G	13	1
96	G	14	1
96	G	15	3
96	T	13	1
96	T	14	2
96	T	26	1
96	T	27	1
96	T	37	1
97	A	13	2
97	A	14	2
97	A	25	1
97	A	27	1
97	C	13	1
97	C	14	2
97	C	15	1
97	C	16	1
97	C	26	1
97	G	13	2
97	G	15	1
97	G	24	1
97	T	15	5
97	T	16	1
97	T	24	1
97	T	28	1
98	A	12	1
98	A	13	1
98	A	14	1
98	A	15	2
98	A	26	1
98	A	34	1
98	C	15	2
98	C	24	1
98	C	25	1
98	G	13	1
98	G	14	2
98	G	15	3
98	G	27	1
98	T	13	1
98	T	14	1
98	T	16	1
98	T	25	1
98	T	37	1
99	A	13	1
99	A	14	2
99	A	15	5
99	A	25	1
99	A	30	1
99	C	14	2
99	C	15	1
99	C	16	1
99	C	25	1
99	C	26	2
99	G	24	1
99	G	34	1
99	T	14	1
99	T	27	1
99	T	33	1
100	A	13	1
100	A	15	3
100	A	25	1
100	C	12	1
100	C	24	1
100	C	25	2
100	C	30	1
100	G	13	3
100	G	14	3
100	G	15	1
100	G	26	1
100	T	14	1
100	T	27	1
100	T	28	1
100	T	29	1
101	A	13	3
101	A	14	1
101	A	15	2
101	A	16	1
101	A	25	1
101	A	28	1
101	C	14	1
101	C	15	1
101	C	33	1
101	G	13	3
101	G	15	1
101	G	27	1
101	T	14	2
101	T	15	1
101	T	26	2
102	A	12	1
102	A	13	1
102	A	15	3
102	A	25	1
102	C	14	1
102	C	15	1
102	C	25	2
102	G	12	2
102	G	13	2
102	G	14	2
102	G	27	2
102	T	14	1
102	T	26	1
102	T	30	1
102	T	33	1
103	A	13	3
103	A	14	2
103	A	15	2
103	A	25	1
103	A	26	2
103	A	27	1
103	C	13	1
103	C	14	1
103	C	25	1
103	C	28	1
103	G	13	1
103	G	34	1
103	T	13	1
103	T	14	1
103	T	15	2
103	T	25	1
104	A	13	1
104	A	15	2
104	A	16	1
104	A	24	2
104	A	25	1
104	A	27	1
104	A	28	1
104	C	13	3
104	C	24	1
104	C	28	1
104	C	38	1
104	G	14	1
104	T	13	1
104	T	14	1
104	T	15	1
104	T	24	2
105	A	13	2
105	A	14	2
105	A	15	2
105	A	25	2
105	A	26	1
105	C	13	4
105	C	15	1
105	G	13	1
105	G	37	1
105	T	12	1
105	T	15	1
105	T	34	2
105	T	39	1
106	A	13	1
106	A	14	2
106	A	15	1
106	A	16	1
106	C	13	2
106	C	15	3
106	C	26	1
106	C	36	1
106	G	12	1
106	G	24	1
106	G	26	1
106	T	12	1
106	T	14	2
106	T	15	1
106	T	26	1
106	T	35	1
107	A	12	1
107	A	15	1
107	A	24	1
107	A	25	1
107	A	32	1
107	A	37	1
107	A	38	1
107	C	14	2
107	G	12	1
107	G	13	1
107	G	24	1
107	G	25	1
107	T	12	1
107	T	15	2
107	T	16	1
107	T	24	1
107	T	25	1
107	T	27	1
108	A	12	1
108	A	13	3
108	A	14	1
108	A	15	2
108	A	16	1
108	A	24	1
108	A	26	1
108	C	13	1
108	C	14	1
108	C	30	1
108	G	14	1
108	G	15	1
108	T	15	2
108	T	26	1
108	T	34	1
108	T	39	1
109	A	12	1
109	A	13	2
109	A	14	1
109	A	15	2
109	A	24	1
109	A	25	2
109	A	38	1
109	C	12	1
109	C	26	1
109	G	15	2
109	G	16	1
109	G	25	1
109	G	27	1
109	T	14	1
109	T	15	1
109	T	25	1
110	A	12	3
110	A	32	1
110	C	15	1
110	C	25	1
110	C	33	1
110	G	14	1
110	G	39	1
110	T	13	1
110	T	14	1
110	T	15	4
110	T	24	1
110	T	26	1
110	T	27	3
111	A	14	1
111	A	15	5
111	A	24	2
111	A	32	1
111	A	37	1
111	C	14	1
111	C	15	2
111	G	12	1
111	G	13	1
111	G	25	1
111	T	15	2
111	T	16	1
111	T	34	1
112	A	15	2
112	A	16	1
112	A	26	1
112	A	32	1
112	A	33	1
112	A	34	1
112	C	13	1
112	C	14	1
112	C	15	1
112	C	24	1
112	G	15	1
112	G	24	1
112	G	26	1
112	G	27	2
112	T	14	1
112	T	15	2
113	A	13	1
113	A	15	3
113	A	24	1
113	A	27	1
113	A	28	1
113	A	31	1
113	C	13	3
113	G	13	2
113	G	15	1
113	T	12	1
113	T	14	1
113	T	15	1
113	T	37	1
114	A	13	2
114	A	14	1
114	A	15	1
114	A	26	1
114	A	30	1
114	A	37	1
114	C	24	1
114	C	25	1
114	C	30	1
114	G	13	1
114	G	14	1
114	G	26	2
114	T	14	2
114	T	15	1
114	T	25	1
115	A	14	3
115	A	15	3
115	A	24	1
115	A	26	1
115	C	13	2
115	G	13	1
115	G	26	1
115	T	14	1
115	T	15	1
115	T	16	1
115	T	26	1
115	T	34	1
115	T	35	1
116	A	13	1
116	A	14	1
116	A	15	1
116	A	24	1
116	A	25	1
116	A	26	1
116	A	28	1
116	A	30	1
116	C	13	1
116	C	14	1
116	C	34	1
116	G	12	1
116	G	14	1
116	G	15	1
116	G	38	1
116	T	15	1
116	T	34	1
117	A	15	1
117	A	26	1
117	A	33	1
117	C	13	3
117	C	14	1
117	C	32	1
117	G	14	3
117	G	25	1
117	T	14	2
117	T	26	1
117	T	31	1
117	T	33	1
118	A	15	3
118	A	24	1
118	A	25	2
118	A	26	2
118	A	37	1
118	G	12	1
118	G	14	1
118	G	25	1
118	T	14	1
118	T	15	1
118	T	16	1
118	T	26	1
119	A	13	1
119	A	15	1
119	A	24	1
119	A	25	1
119	A	37	1
119	C	15	1
119	C	24	1
119	G	14	1
119	G	15	1
119	G	16	1
119	G	26	1
119	T	15	4
119	T	26	1
120	A	13	2
120	A	15	4
120	A	24	1
120	A	33	1
120	C	15	1
120	G	13	1
120	G	15	1
120	G	16	1
120	G	33	1
120	T	15	2
120	T	25	1
121	A	13	1
121	A	15	3
121	C	12	1
121	C	14	1
121	C	33	1
121	G	12	1
121	G	13	2
121	G	14	2
121	G	15	1
121	T	15	2
122	A	12	1
122	A	14	1
122	A	15	1
122	A	24	1
122	C	12	1
122	C	14	1
122	C	15	1
122	G	15	3
122	T	13	1
122	T	15	3
122	T	25	1
123	A	13	2
123	A	25	1
123	C	13	1
123	C	15	4
123	C	25	1
123	G	14	1
123	G	26	1
123	T	24	1
123	T	26	2
123	T	27	1
124	A	13	1
124	A	15	1
124	A	24	2
124	A	26	1
124	A	27	1
124	A	33	1
124	C	15	2
124	C	26	1
124	G	13	1
124	G	26	1
124	T	15	1
124	T	24	1
124	T	26	1
125	A	13	2
125	A	14	1
125	A	15	1
125	A	24	1
125	A	25	1
125	C	13	1
125	C	15	1
125	C	25	1
125	G	13	1
125	G	14	1
125	T	15	1
125	T	16	1
125	T	24	1
125	T	26	1
126	A	13	1
126	A	14	2
126	A	15	4
126	A	24	2
126	C	13	1
126	G	16	1
126	T	14	2
126	T	15	1
126	T	26	1
127	A	15	3
127	A	24	1
127	A	37	1
127	C	13	1
127	C	14	1
127	C	26	2
127	G	13	1
127	G	14	1
127	G	15	1
127	T	15	1
127	T	26	1
127	T	29	1
128	A	13	2
128	A	14	1
128	A	26	1
128	A	37	1
128	C	14	1
128	C	15	2
128	G	12	1
128	G	24	1
128	T	15	2
128	T	16	1
128	T	24	1
128	T	26	1
129	A	12	2
129	A	14	1
129	A	15	1
129	A	24	1
129	A	26	1
129	C	26	1
129	G	12	1
129	G	14	1
129	T	14	1
129	T	15	2
129	T	26	1
129	T	37	1
130	A	12	1
130	A	24	1
130	A	26	1
130	A	37	1
130	C	14	2
130	G	12	1
130	G	15	1
130	G	33	1
130	G	34	1
130	T	15	2
130	T	24	1
131	A	12	1
131	A	13	1
131	A	14	2
131	A	15	1
131	A	33	1
131	C	12	1
131	C	15	1
131	G	26	2
131	T	15	2
132	A	12	1
132	A	13	1
132	A	33	1
132	C	14	2
132	C	25	1
132	G	14	2
132	G	15	1
132	G	24	1
132	G	34	1
132	T	12	1
133	A	12	1
133	A	14	3
133	A	24	1
133	C	13	1
133	C	26	1
133	G	24	1
133	G	33	1
133	T	15	2
133	T	32	1
134	A	13	1
134	A	14	2
134	A	24	1
134	A	29	1
134	A	33	1
134	C	14	1
134	C	25	1
134	G	25	1
134	T	15	1
134	T	26	1
134	T	33	1
135	A	13	1
135	A	14	1
135	A	24	1
135	C	13	2
135	G	13	1
135	T	14	1
135	T	15	2
135	T	16	1
136	A	12	1
136	A	25	1
136	C	13	1
136	G	12	1
136	G	14	2
136	G	15	2
136	T	14	1
136	T	33	1
137	A	12	1
137	A	15	1
137	A	33	1
137	C	13	1
137	G	13	1
137	G	14	1
137	G	26	1
137	T	14	1
137	T	15	1
137	T	24	1
138	A	13	1
138	A	15	1
138	A	24	1
138	A	26	1
138	A	37	1
138	C	14	1
138	G	24	1
138	T	12	1
138	T	28	1
138	T	34	1
139	A	12	1
139	A	14	1
139	A	15	1
139	A	24	2
139	C	24	1
139	G	15	1
139	G	24	1
139	T	15	1
139	T	37	1
140	A	15	1
140	C	13	3
140	C	14	1
140	G	15	2
140	G	27	1
140	T	15	1
141	A	13	1
141	A	26	1
141	C	33	1
141	G	12	1
141	G	14	1
141	G	24	1
141	T	26	1
141	T	27	1
142	A	13	1
142	C	15	1
142	G	15	2
142	G	26	1
142	G	32	1
142	T	12	1
142	T	26	1
143	A	12	1
143	A	15	1
143	C	12	1
143	C	15	1
143	C	35	1
143	G	13	1
143	T	24	1
144	A	12	1
144	C	12	1
144	C	24	2
144	G	12	1
144	T	15	1
144	T	27	1
145	A	15	1
145	A	25	1
145	A	31	1
145	C	13	1
145	C	14	1
145	C	33	1
145	G	14	1
146	A	24	1
146	A	37	1
146	C	12	1
146	G	12	1
146	G	13	1
146	T	14	1
146	T	15	1
147	A	14	1
147	A	24	1
147	A	37	1
147	G	12	1
147	G	14	1
147	G	33	1
148	A	14	2
148	G	12	1
148	T	14	1
148	T	15	2
149	A	36	1
149	C	15	1
149	G	24	1
149	G	25	1
149	T	15	1
149	T	25	1
150	A	15	1
150	A	37	1
150	C	26	1
150	T	14	1
150	T	24	1
150	T	37	1
151	A	12	1
151	A	14	1
151	A	25	1
151	C	13	1
151	G	15	1
151	T	14	1
152	A	26	1
152	A	31	1
152	G	14	1
152	G	33	1
152	T	13	1
152	T	28	1
153	C	15	1
153	G	14	1
153	T	14	2
153	T	15	1
153	T	24	1
154	A	14	1
154	A	26	1
154	G	14	1
154	G	25	1
154	T	14	1
154	T	26	1
155	A	14	1
155	A	24	1
155	A	37	1
155	C	12	1
155	G	14	1
155	T	14	1
156	A	14	1
156	C	37	1
156	G	12	1
156	G	13	1
156	G	14	1
156	G	37	1
157	A	14	1
157	A	37	1
157	C	12	1
157	C	13	1
157	G	14	1
157	T	14	1
158	A	14	1
158	A	25	1
158	A	37	2
158	G	12	1
158	T	24	1
159	A	12	1
159	A	14	1
159	A	24	1
159	G	12	1
159	T	14	1
159	T	15	1
160	A	14	1
160	A	15	1
160	C	12	1
160	C	14	1
160	G	12	1
160	T	14	1
161	A	24	1
161	C	15	1
161	G	12	1
161	T	14	3
162	A	14	1
162	A	25	1
162	C	12	1
162	C	15	1
162	G	14	2
163	A	15	1
163	C	14	2
163	C	25	1
163	G	12	1
164	C	13	1
164	C	14	2
164	G	12	1
164	G	15	1
165	A	14	1
165	C	13	1
165	G	13	1
165	G	24	1
166	A	13	1
166	A	14	1
166	A	26	1
166	G	12	1
167	A	13	1
167	C	12	1
167	C	25	1
167	G	12	1
168	A	24	1
168	C	13	1
168	G	12	1
168	T	12	1
169	A	13	2
169	T	12	2
170	A	13	1
170	C	13	1
170	T	13	1
171	A	14	1
171	C	13	1
171	T	24	1
172	C	13	1
172	G	14	1
172	G	24	1
173	G	12	1
173	T	14	1
174	A	12	1
174	G	14	1
175	C	12	1
175	C	14	1
176	A	26	1
176	T	14	1
177	C	12	1
