position	quality	count
0	12	200
0	13	198
0	14	2031
0	15	3145
0	16	245851
0	17	6756
0	18	70349
0	19	40
0	20	126
0	21	9
0	24	186
0	25	122
0	26	249
0	27	668
0	28	157
0	29	217901
0	30	40297
0	31	12935
0	32	902827
0	33	576801
0	34	191036
0	35	11792
0	36	616
0	37	2436
0	38	1554
0	39	1583
0	40	2
1	12	179
1	13	181
1	14	1882
1	15	3130
1	16	221335
1	17	7053
1	18	49729
1	19	42
1	20	124
1	21	13
1	24	173
1	25	105
1	26	196
1	27	605
1	28	155
1	29	180677
1	30	49085
1	31	22445
1	32	836215
1	33	656408
1	34	238526
1	35	15991
1	36	1266
1	37	4741
1	38	2648
1	39	1728
1	40	3
2	12	145
2	13	163
2	14	1717
2	15	2946
2	16	237924
2	17	6914
2	18	59379
2	19	54
2	20	134
2	21	7
2	24	154
2	25	95
2	26	203
2	27	578
2	28	142
2	29	155020
2	30	68213
2	31	35722
2	32	819353
2	33	634703
2	34	232529
2	35	16010
2	36	1432
2	37	6184
2	38	3604
2	39	2072
2	40	3
3	12	114
3	13	153
3	14	1599
3	15	2945
3	16	214218
3	17	7193
3	18	40196
3	19	43
3	20	165
3	21	10
3	24	147
3	25	94
3	26	164
3	27	538
3	28	160
3	29	151642
3	30	52667
3	31	25323
3	32	823519
3	33	684095
3	34	259138
3	35	17918
3	36	1588
3	37	7104
3	38	4192
3	39	2353
3	40	6
4	12	103
4	13	140
4	14	1552
4	15	2900
4	16	224600
4	17	7549
4	18	43061
4	19	47
4	20	158
4	21	10
4	24	160
4	25	98
4	26	190
4	27	550
4	28	151
4	29	134295
4	30	61507
4	31	31697
4	32	797419
4	33	688736
4	34	265850
4	35	18583
4	36	1625
4	37	7380
4	38	4492
4	39	2654
4	40	6
5	12	97
5	13	125
5	14	1337
5	15	2879
5	16	113739
5	17	7003
5	18	121618
5	19	10753
5	20	27454
5	21	16
5	24	151
5	25	81
5	26	178
5	27	503
5	28	134
5	29	18798
5	30	8598
5	31	53855
5	32	55069
5	33	222388
5	34	45457
5	35	175343
5	36	1101
5	37	1411509
5	38	4655
5	39	2748
5	40	6
6	12	106
6	13	129
6	14	1413
6	15	2860
6	16	110319
6	17	7758
6	18	118275
6	19	10203
6	20	27809
6	21	13
6	24	123
6	25	79
6	26	209
6	27	508
6	28	152
6	29	19328
6	30	8483
6	31	54056
6	32	55943
6	33	241835
6	34	44840
6	35	174611
6	36	1109
6	37	1398107
6	38	4465
6	39	2771
6	40	4
7	12	97
7	13	133
7	14	1461
7	15	2933
7	16	112134
7	17	8088
7	18	115575
7	19	9406
7	20	24723
7	21	22
7	24	133
7	25	95
7	26	180
7	27	527
7	28	163
7	29	19299
7	30	7546
7	31	52490
7	32	56361
7	33	217835
7	34	45926
7	35	177103
7	36	1201
7	37	1424765
7	38	4702
7	39	2770
7	40	4
8	12	100
8	13	127
8	14	1514
8	15	4174
8	16	107982
8	17	8316
8	18	113364
8	19	8702
8	20	22479
8	21	11
8	24	167
8	25	96
8	26	182
8	27	519
8	28	165
8	29	18805
8	30	7796
8	31	51592
8	32	55973
8	33	221623
8	34	44990
8	35	173290
8	36	1240
8	37	1436741
8	38	4886
8	39	2781
8	40	3
9	12	128
9	13	122
9	14	1542
9	15	4334
9	16	105634
9	17	8566
9	18	108239
9	19	7954
9	20	20597
9	21	11
9	24	164
9	25	104
9	26	201
9	27	502
9	28	139
9	29	18828
9	30	7353
9	31	50220
9	32	56223
9	33	215174
9	34	46162
9	35	172357
9	36	1391
9	37	1455171
9	38	5093
9	39	2843
9	40	1
10	12	127
10	13	142
10	14	1517
10	15	4563
10	16	106126
10	17	8813
10	18	107745
10	19	7936
10	20	20493
10	21	13
10	24	154
10	25	101
10	26	195
10	27	567
10	28	160
10	29	18112
10	30	7649
10	31	49678
10	32	56454
10	33	217970
10	34	45885
10	35	167079
10	36	1322
10	37	1456244
10	38	5237
10	39	2832
10	40	5
11	12	116
11	13	135
11	14	1567
11	15	5231
11	16	110100
11	17	9509
11	18	112206
11	19	8659
11	20	22656
11	21	15
11	24	144
11	25	115
11	26	178
11	27	578
11	28	142
11	29	17787
11	30	7872
11	31	50105
11	32	54891
11	33	215640
11	34	45552
11	35	165717
11	36	1356
11	37	1445158
11	38	5134
11	39	2871
11	40	3
12	12	133
12	13	151
12	14	1797
12	15	5289
12	16	102052
12	17	9381
12	18	101812
12	19	6880
12	20	11052
12	21	6085
12	24	164
12	25	110
12	26	212
12	27	549
12	28	173
12	29	848
12	30	3218
12	31	920
12	32	71947
12	33	129649
12	34	41823
12	35	45016
12	36	55149
12	37	306342
12	38	1385336
12	39	2989
12	40	4
13	12	144
13	13	158
13	14	1904
13	15	5936
13	16	105793
13	17	9835
13	18	107674
13	19	7749
13	20	12850
13	21	7249
13	24	160
13	25	115
13	26	201
13	27	591
13	28	178
13	29	831
13	30	3352
13	31	864
13	32	70455
13	33	127531
13	34	46456
13	35	47465
13	36	54908
13	37	310111
13	38	1360657
13	39	3087
13	40	2
14	12	127
14	13	153
14	14	1995
14	15	6800
14	16	106079
14	17	9952
14	18	108053
14	19	8235
14	20	13344
14	21	7733
14	24	181
14	25	109
14	26	218
14	27	540
14	28	179
14	29	847
14	30	3419
14	31	881
14	32	71194
14	33	132547
14	34	49340
14	35	46994
14	36	54496
14	37	313297
14	38	1345879
14	39	3185
14	40	4
15	12	144
15	13	146
15	14	2015
15	15	7484
15	16	106585
15	17	10351
15	18	110196
15	19	8890
15	20	14751
15	21	8632
15	24	161
15	25	128
15	26	233
15	27	542
15	28	212
15	29	787
15	30	3459
15	31	909
15	32	71604
15	33	134132
15	34	50396
15	35	47351
15	36	54471
15	37	315280
15	38	1322701
15	39	3180
15	40	3
16	12	128
16	13	164
16	14	2122
16	15	8038
16	16	98477
16	17	10175
16	18	100095
16	19	6542
16	20	10789
16	21	5889
16	24	190
16	25	102
16	26	226
16	27	576
16	28	189
16	29	791
16	30	3205
16	31	924
16	32	71815
16	33	131071
16	34	41949
16	35	44662
16	36	55038
16	37	309053
16	38	1382626
16	39	3279
16	40	7
17	12	129
17	13	168
17	14	2192
17	15	9265
17	16	101315
17	17	10768
17	18	104329
17	19	7676
17	20	12240
17	21	6942
17	24	196
17	25	119
17	26	249
17	27	605
17	28	159
17	29	796
17	30	3423
17	31	935
17	32	70315
17	33	127344
17	34	46499
17	35	46959
17	36	54899
17	37	311329
17	38	1362929
17	39	3508
17	40	6
18	12	130
18	13	184
18	14	2297
18	15	10835
18	16	102588
18	17	11228
18	18	105151
18	19	7778
18	20	12858
18	21	6859
18	24	202
18	25	114
18	26	242
18	27	594
18	28	205
18	29	861
18	30	3461
18	31	928
18	32	70250
18	33	127457
18	34	45039
18	35	46686
18	36	54153
18	37	306044
18	38	1364221
18	39	3617
18	40	4
19	12	136
19	13	156
19	14	2344
19	15	12530
19	16	97583
19	17	11349
19	18	101798
19	19	7377
19	20	12086
19	21	6452
19	24	178
19	25	118
19	26	263
19	27	596
19	28	189
19	29	881
19	30	3340
19	31	920
19	32	71274
19	33	127740
19	34	45221
19	35	46934
19	36	54438
19	37	308652
19	38	1369418
19	39	3418
19	40	2
20	12	139
20	13	151
20	14	2359
20	15	13901
20	16	93052
20	17	11419
20	18	99360
20	19	6875
20	20	11315
20	21	6163
20	24	179
20	25	124
20	26	256
20	27	599
20	28	182
20	29	885
20	30	3295
20	31	892
20	32	69363
20	33	126038
20	34	46050
20	35	45582
20	36	54048
20	37	310244
20	38	1378924
20	39	3458
20	40	9
21	12	148
21	13	170
21	14	2417
21	15	16467
21	16	92185
21	17	12060
21	18	100571
21	19	7040
21	20	11858
21	21	6376
21	24	202
21	25	120
21	26	217
21	27	611
21	28	182
21	29	893
21	30	3311
21	31	967
21	32	68931
21	33	126380
21	34	48210
21	35	45956
21	36	54028
21	37	309909
21	38	1371690
21	39	3301
21	40	4
22	12	154
22	13	156
22	14	2568
22	15	18905
22	16	88850
22	17	12609
22	18	97919
22	19	7538
22	20	12208
22	21	6313
22	24	199
22	25	94
22	26	244
22	27	583
22	28	215
22	29	882
22	30	3473
22	31	1024
22	32	67024
22	33	93668
22	34	43303
22	35	84694
22	36	54657
22	37	311880
22	38	378840
22	39	995898
22	40	3
23	12	124
23	13	176
23	14	2578
23	15	22828
23	16	89049
23	17	13759
23	18	102600
23	19	7936
23	20	13419
23	21	7247
23	24	182
23	25	97
23	26	249
23	27	570
23	28	199
23	29	845
23	30	3458
23	31	1084
23	32	67514
23	33	95450
23	34	44128
23	35	84558
23	36	54010
23	37	309151
23	38	372448
23	39	987224
23	40	6
24	12	129
24	13	170
24	14	2552
24	15	25444
24	16	81403
24	17	13924
24	18	93291
24	19	6555
24	20	10781
24	21	5462
24	24	202
24	25	114
24	26	245
24	27	611
24	28	213
24	29	902
24	30	3350
24	31	1011
24	32	67830
24	33	92237
24	34	40397
24	35	85541
24	36	54605
24	37	308431
24	38	379250
24	39	1010479
24	40	4
25	12	129
25	13	155
25	14	2743
25	15	29096
25	16	78104
25	17	15505
25	18	93275
25	19	10140
25	20	16964
25	21	8371
25	24	183
25	25	121
25	26	250
25	27	575
25	28	235
25	29	938
25	30	3583
25	31	1020
25	32	67208
25	33	92834
25	34	42881
25	35	83801
25	36	54670
25	37	308069
25	38	370201
25	39	1001220
25	40	6
26	12	132
26	13	182
26	14	2741
26	15	31240
26	16	71532
26	17	15647
26	18	89413
26	19	8914
26	20	15457
26	21	7324
26	24	184
26	25	111
26	26	227
26	27	585
26	28	179
26	29	866
26	30	3413
26	31	1081
26	32	66722
26	33	92061
26	34	41549
26	35	84153
26	36	54972
26	37	310165
26	38	375284
26	39	1009930
26	40	11
27	12	119
27	13	172
27	14	2793
27	15	34305
27	16	68399
27	17	17222
27	18	88525
27	19	9280
27	20	16581
27	21	7945
27	24	212
27	25	100
27	26	276
27	27	620
27	28	200
27	29	919
27	30	3552
27	31	1125
27	32	66614
27	33	92399
27	34	43115
27	35	83154
27	36	54844
27	37	310742
27	38	374144
27	39	1006046
27	40	6
28	12	123
28	13	159
28	14	3049
28	15	35986
28	16	66853
28	17	18199
28	18	86424
28	19	9507
28	20	17046
28	21	7679
28	24	215
28	25	117
28	26	238
28	27	586
28	28	210
28	29	891
28	30	3530
28	31	1150
28	32	65917
28	33	91015
28	34	40863
28	35	82953
28	36	54724
28	37	304818
28	38	370951
28	39	1019305
28	40	5
29	12	135
29	13	174
29	14	3021
29	15	36946
29	16	67704
29	17	19949
29	18	87858
29	19	9271
29	20	17704
29	21	8215
29	24	182
29	25	117
29	26	277
29	27	599
29	28	188
29	29	862
29	30	3720
29	31	1124
29	32	66482
29	33	94251
29	34	45418
29	35	83444
29	36	54219
29	37	310868
29	38	377093
29	39	992349
29	40	9
30	12	109
30	13	181
30	14	3331
30	15	36773
30	16	66324
30	17	21275
30	18	85044
30	19	9253
30	20	17962
30	21	7816
30	24	187
30	25	138
30	26	257
30	27	613
30	28	180
30	29	948
30	30	3613
30	31	1160
30	32	66636
30	33	94671
30	34	44029
30	35	84431
30	36	55107
30	37	314052
30	38	379056
30	39	988524
30	40	5
31	12	120
31	13	182
31	14	3434
31	15	36914
31	16	67471
31	17	23300
31	18	82558
31	19	8584
31	20	17390
31	21	7395
31	24	201
31	25	128
31	26	255
31	27	615
31	28	198
31	29	943
31	30	3477
31	31	1155
31	32	66670
31	33	91279
31	34	41455
31	35	83158
31	36	54651
31	37	306289
31	38	371758
31	39	1011903
31	40	8
32	12	129
32	13	168
32	14	3634
32	15	35333
32	16	66154
32	17	25023
32	18	79972
32	19	7994
32	20	17056
32	21	7289
32	24	186
32	25	126
32	26	261
32	27	636
32	28	199
32	29	974
32	30	3430
32	31	1202
32	32	65839
32	33	93938
32	34	45474
32	35	83584
32	36	54568
32	37	310754
32	38	382684
32	39	995682
32	40	15
33	12	136
33	13	151
33	14	3886
33	15	35756
33	16	66779
33	17	27659
33	18	77613
33	19	7972
33	20	18264
33	21	7537
33	24	191
33	25	109
33	26	281
33	27	667
33	28	190
33	29	988
33	30	3424
33	31	1258
33	32	66293
33	33	92730
33	34	42520
33	35	83592
33	36	55135
33	37	310116
33	38	376576
33	39	1001269
33	40	8
34	12	111
34	13	183
34	14	4130
34	15	36460
34	16	68375
34	17	31108
34	18	75801
34	19	7783
34	20	19594
34	21	7557
34	24	216
34	25	112
34	26	273
34	27	659
34	28	216
34	29	946
34	30	3634
34	31	1291
34	32	66642
34	33	94097
34	34	43405
34	35	83446
34	36	54912
34	37	309129
34	38	371622
34	39	999103
34	40	11
35	12	131
35	13	177
35	14	4357
35	15	36525
35	16	70180
35	17	35236
35	18	73719
35	19	7609
35	20	20599
35	21	7448
35	24	178
35	25	122
35	26	268
35	27	625
35	28	212
35	29	977
35	30	3625
35	31	1302
35	32	68383
35	33	95408
35	34	43307
35	35	85038
35	36	55263
35	37	311164
35	38	371038
35	39	986395
35	40	15
36	12	144
36	13	169
36	14	4581
36	15	33859
36	16	65661
36	17	37523
36	18	64008
36	19	6017
36	20	17853
36	21	5842
36	24	197
36	25	134
36	26	279
36	27	669
36	28	217
36	29	991
36	30	3454
36	31	1361
36	32	67664
36	33	93211
36	34	40989
36	35	85658
36	36	55646
36	37	314295
36	38	380973
36	39	1001711
36	40	12
37	12	132
37	13	201
37	14	5112
37	15	35912
37	16	71591
37	17	45583
37	18	66300
37	19	6602
37	20	23037
37	21	7213
37	24	200
37	25	132
37	26	273
37	27	639
37	28	224
37	29	1015
37	30	3757
37	31	1413
37	32	68026
37	33	97418
37	34	47024
37	35	84850
37	36	55564
37	37	317104
37	38	377053
37	39	961848
37	40	19
38	12	147
38	13	174
38	14	5482
38	15	34736
38	16	70648
38	17	49432
38	18	57944
38	19	5136
38	20	21586
38	21	5899
38	24	172
38	25	111
38	26	280
38	27	670
38	28	196
38	29	1026
38	30	3654
38	31	1378
38	32	68350
38	33	96244
38	34	44453
38	35	86660
38	36	56178
38	37	319113
38	38	380326
38	39	970197
38	40	11
39	12	130
39	13	186
39	14	6046
39	15	35761
39	16	74169
39	17	57478
39	18	55438
39	19	4885
39	20	24737
39	21	5933
39	24	224
39	25	112
39	26	249
39	27	666
39	28	199
39	29	1055
39	30	3846
39	31	1432
39	32	69292
39	33	96102
39	34	42503
39	35	86384
39	36	55731
39	37	315707
39	38	370477
39	39	967483
39	40	12
40	12	136
40	13	143
40	14	6292
40	15	32103
40	16	68209
40	17	57836
40	18	42343
40	19	2899
40	20	19003
40	21	3868
40	24	188
40	25	134
40	26	289
40	27	651
40	28	235
40	29	1062
40	30	3424
40	31	1473
40	32	68158
40	33	93471
40	34	40684
40	35	86377
40	36	56599
40	37	316642
40	38	386771
40	39	993930
40	40	13
41	12	136
41	13	164
41	14	6787
41	15	31740
41	16	69267
41	17	64395
41	18	35889
41	19	2087
41	20	19701
41	21	3241
41	24	172
41	25	116
41	26	275
41	27	662
41	28	211
41	29	1078
41	30	3411
41	31	1484
41	32	64646
41	33	88948
41	34	39362
41	35	81535
41	36	55676
41	37	307347
41	38	376743
41	39	1025486
41	40	13
42	12	136
42	13	188
42	14	7457
42	15	32120
42	16	71714
42	17	73306
42	18	30448
42	19	1471
42	20	21854
42	21	2700
42	24	182
42	25	128
42	26	265
42	27	691
42	28	183
42	29	1112
42	30	3715
42	31	1567
42	32	64377
42	33	90970
42	34	40993
42	35	81521
42	36	54521
42	37	305026
42	38	368921
42	39	1024401
42	40	14
43	12	128
43	13	163
43	14	8012
43	15	30609
43	16	71160
43	17	79529
43	18	23032
43	19	908
43	20	21865
43	21	2082
43	24	202
43	25	139
43	26	263
43	27	725
43	28	187
43	29	1087
43	30	3608
43	31	1581
43	32	64924
43	33	90868
43	34	41435
43	35	82270
43	36	54594
43	37	308998
43	38	375229
43	39	1017632
43	40	21
44	12	126
44	13	184
44	14	8580
44	15	29619
44	16	70840
44	17	83203
44	18	16819
44	19	515
44	20	21351
44	21	1403
44	24	189
44	25	141
44	26	285
44	27	725
44	28	229
44	29	1189
44	30	3609
44	31	1590
44	32	64080
44	33	89690
44	34	14410
44	35	78167
44	36	83961
44	37	309579
44	38	377693
44	39	1023177
44	40	17
45	12	123
45	13	181
45	14	9451
45	15	29738
45	16	73060
45	17	89705
45	18	13231
45	19	269
45	20	23512
45	21	1036
45	24	178
45	25	123
45	26	262
45	27	712
45	28	203
45	29	1169
45	30	3827
45	31	1603
45	32	63600
45	33	92008
45	34	14759
45	35	78474
45	36	86244
45	37	310102
45	38	379611
45	39	1005792
45	40	21
46	12	130
46	13	197
46	14	10449
46	15	30023
46	16	76059
46	17	96431
46	18	11718
46	19	164
46	20	27232
46	21	784
46	24	179
46	25	123
46	26	277
46	27	732
46	28	218
46	29	1203
46	30	3978
46	31	1711
46	32	65573
46	33	94867
46	34	14806
46	35	81107
46	36	86200
46	37	310601
46	38	370154
46	39	991584
46	40	15
47	12	131
47	13	213
47	14	11156
47	15	28053
47	16	73900
47	17	93438
47	18	9318
47	19	134
47	20	24435
47	21	511
47	24	198
47	25	142
47	26	274
47	27	710
47	28	232
47	29	1235
47	30	3679
47	31	1709
47	32	66122
47	33	92219
47	34	14479
47	35	81769
47	36	83574
47	37	307493
47	38	374349
47	39	1009288
47	40	13
48	12	133
48	13	185
48	14	11789
48	15	26091
48	16	71244
48	17	90262
48	18	8529
48	19	118
48	20	23316
48	21	371
48	24	188
48	25	147
48	26	313
48	27	780
48	28	240
48	29	1214
48	30	3725
48	31	1813
48	32	64762
48	33	90812
48	34	14479
48	35	80735
48	36	84551
48	37	312034
48	38	381799
48	39	1010616
48	40	12
49	12	128
49	13	201
49	14	13448
49	15	26625
49	16	75520
49	17	95780
49	18	9065
49	19	107
49	20	25971
49	21	290
49	24	198
49	25	127
49	26	272
49	27	757
49	28	221
49	29	1240
49	30	3831
49	31	1817
49	32	64101
49	33	92254
49	34	14730
49	35	79131
49	36	84156
49	37	306439
49	38	370411
49	39	1009969
49	40	23
50	12	141
50	13	213
50	14	14788
50	15	26415
50	16	76256
50	17	97886
50	18	10201
50	19	94
50	20	30133
50	21	186
50	24	198
50	25	161
50	26	258
50	27	749
50	28	215
50	29	1236
50	30	4122
50	31	1976
50	32	65532
50	33	97736
50	34	15514
50	35	82078
50	36	90396
50	37	323009
50	38	379914
50	39	955772
50	40	22
51	12	158
51	13	195
51	14	15311
51	15	24020
51	16	73406
51	17	94121
51	18	9271
51	19	70
51	20	28123
51	21	82
51	24	214
51	25	142
51	26	295
51	27	786
51	28	199
51	29	1303
51	30	4014
51	31	2047
51	32	66983
51	33	97455
51	34	14923
51	35	84435
51	36	89526
51	37	329394
51	38	387879
51	39	953087
51	40	21
52	12	164
52	13	183
52	14	16272
52	15	23563
52	16	74417
52	17	95347
52	18	9963
52	19	66
52	20	29742
52	21	10
52	24	207
52	25	160
52	26	278
52	27	743
52	28	254
52	29	1355
52	30	4153
52	31	2015
52	32	66584
52	33	98215
52	34	15510
52	35	84328
52	36	91165
52	37	332035
52	38	385222
52	39	945065
52	40	22
53	12	148
53	13	208
53	14	17820
53	15	24086
53	16	78731
53	17	102127
53	18	11422
53	19	60
53	20	35709
53	24	216
53	25	163
53	26	296
53	27	758
53	28	238
53	29	1436
53	30	4359
53	31	2121
53	32	68444
53	33	103512
53	34	16098
53	35	85429
53	36	93102
53	37	336083
53	38	379195
53	39	911336
53	40	24
54	12	146
54	13	203
54	14	18712
54	15	22894
54	16	78932
54	17	100912
54	18	11649
54	19	70
54	20	35077
54	24	212
54	25	154
54	26	292
54	27	787
54	28	204
54	29	1368
54	30	4319
54	31	2231
54	32	69538
54	33	103828
54	34	15812
54	35	88642
54	36	93164
54	37	337697
54	38	383310
54	39	903368
54	40	22
55	12	132
55	13	194
55	14	18363
55	15	20771
55	16	74606
55	17	94100
55	18	10280
55	19	71
55	20	30528
55	24	237
55	25	148
55	26	293
55	27	780
55	28	245
55	29	1567
55	30	4115
55	31	2290
55	32	69279
55	33	101415
55	34	15314
55	35	88896
55	36	92014
55	37	341504
55	38	391478
55	39	918301
55	40	22
56	12	128
56	13	221
56	14	18645
56	15	20213
56	16	73726
56	17	93326
56	18	10181
56	19	80
56	20	29861
56	24	227
56	25	149
56	26	291
56	27	794
56	28	236
56	29	1609
56	30	4247
56	31	2514
56	32	66761
56	33	99629
56	34	15497
56	35	86372
56	36	92127
56	37	340069
56	38	392659
56	39	926876
56	40	14
57	12	128
57	13	216
57	14	20137
57	15	20685
57	16	77608
57	17	97944
57	18	10255
57	19	1206
57	20	33730
57	24	214
57	25	158
57	26	307
57	27	835
57	28	253
57	29	1577
57	30	4460
57	31	2618
57	32	68129
57	33	102374
57	34	15885
57	35	86162
57	36	92376
57	37	338184
57	38	353419
57	39	921560
57	40	23475
58	12	147
58	13	219
58	14	19921
58	15	19963
58	16	76452
58	17	95234
58	18	9628
58	19	1277
58	20	32074
58	24	196
58	25	153
58	26	304
58	27	825
58	28	241
58	29	1659
58	30	4429
58	31	2735
58	32	67848
58	33	101879
58	34	15546
58	35	86807
58	36	92630
58	37	339383
58	38	357392
58	39	925647
58	40	22799
59	12	160
59	13	187
59	14	20261
59	15	19923
59	16	76010
59	17	94687
59	18	9773
59	19	1331
59	20	31768
59	24	223
59	25	158
59	26	288
59	27	896
59	28	236
59	29	1668
59	30	4403
59	31	2751
59	32	67678
59	33	101249
59	34	15734
59	35	85601
59	36	92390
59	37	339621
59	38	357912
59	39	927585
59	40	22143
60	12	141
60	13	254
60	14	19995
60	15	19207
60	16	73841
60	17	91362
60	18	9175
60	19	1389
60	20	29251
60	24	178
60	25	127
60	26	306
60	27	837
60	28	252
60	29	1843
60	30	4576
60	31	2983
60	32	65958
60	33	100313
60	34	15438
60	35	85320
60	36	90911
60	37	337280
60	38	359672
60	39	943421
60	40	22049
61	12	160
61	13	240
61	14	21080
61	15	20444
61	16	78433
61	17	97249
61	18	10643
61	19	1477
61	20	34514
61	24	197
61	25	153
61	26	294
61	27	845
61	28	225
61	29	1933
61	30	4667
61	31	3175
61	32	66543
61	33	102991
61	34	15879
61	35	85573
61	36	93484
61	37	337388
61	38	353946
61	39	919881
61	40	20533
62	12	133
62	13	200
62	14	21390
62	15	20912
62	16	79868
62	17	98994
62	18	11285
62	19	1649
62	20	36752
62	24	221
62	25	143
62	26	303
62	27	891
62	28	272
62	29	2030
62	30	4811
62	31	3365
62	32	68620
62	33	105270
62	34	16172
62	35	88110
62	36	93157
62	37	340927
62	38	354276
62	39	901696
62	40	19337
63	12	147
63	13	222
63	14	20378
63	15	19687
63	16	75503
63	17	91897
63	18	9722
63	19	1672
63	20	30625
63	24	222
63	25	149
63	26	299
63	27	958
63	28	255
63	29	2115
63	30	4596
63	31	3563
63	32	67994
63	33	102499
63	34	15406
63	35	89467
63	36	92233
63	37	343447
63	38	362784
63	39	921098
63	40	18501
64	12	140
64	13	223
64	14	20463
64	15	19608
64	16	75772
64	17	90823
64	18	9797
64	19	1710
64	20	31191
64	24	227
64	25	151
64	26	306
64	27	901
64	28	259
64	29	2191
64	30	4838
64	31	3776
64	32	65451
64	33	101581
64	34	15329
64	35	86655
64	36	91869
64	37	342372
64	38	361970
64	39	929556
64	40	17394
65	12	185
65	13	225
65	14	21394
65	15	20654
65	16	81670
65	17	98617
65	18	11617
65	19	1810
65	20	37630
65	24	222
65	25	147
65	26	313
65	27	925
65	28	246
65	29	2318
65	30	5021
65	31	3920
65	32	67027
65	33	105882
65	34	16186
65	35	87416
65	36	94015
65	37	342591
65	38	354935
65	39	898934
65	40	15288
66	12	175
66	13	238
66	14	20961
66	15	20415
66	16	79847
66	17	95071
66	18	10962
66	19	1937
66	20	34812
66	24	239
66	25	154
66	26	312
66	27	993
66	28	264
66	29	2467
66	30	4953
66	31	4332
66	32	67806
66	33	106811
66	34	15573
66	35	90886
66	36	94269
66	37	346646
66	38	360637
66	39	896588
66	40	14465
67	12	165
67	13	238
67	14	20701
67	15	20037
67	16	78208
67	17	91370
67	18	10020
67	19	1983
67	20	32029
67	24	219
67	25	166
67	26	335
67	27	988
67	28	277
67	29	2623
67	30	4955
67	31	4595
67	32	66808
67	33	103715
67	34	15787
67	35	88819
67	36	93441
67	37	345389
67	38	363525
67	39	913803
67	40	13148
68	12	160
68	13	229
68	14	19911
68	15	19251
68	16	74974
68	17	88416
68	18	9408
68	19	2005
68	20	28950
68	24	258
68	25	168
68	26	331
68	27	993
68	28	273
68	29	2723
68	30	4941
68	31	4722
68	32	63345
68	33	100774
68	34	15491
68	35	85737
68	36	92038
68	37	342194
68	38	366791
68	39	938973
68	40	12075
69	12	169
69	13	261
69	14	22172
69	15	21435
69	16	85288
69	17	100025
69	18	12859
69	19	2292
69	20	40451
69	24	248
69	25	162
69	26	348
69	27	1035
69	28	290
69	29	2808
69	30	5322
69	31	5289
69	32	66303
69	33	108417
69	34	16344
69	35	88279
69	36	94374
69	37	343664
69	38	353831
69	39	884900
69	40	9724
70	12	184
70	13	249
70	14	21278
70	15	20649
70	16	80818
70	17	94389
70	18	11497
70	19	2350
70	20	35564
70	24	249
70	25	162
70	26	347
70	27	1068
70	28	266
70	29	3024
70	30	5326
70	31	5841
70	32	67947
70	33	108438
70	34	15846
70	35	93103
70	36	93987
70	37	348857
70	38	363636
70	39	886622
70	40	8403
71	12	174
71	13	274
71	14	20907
71	15	19957
71	16	77971
71	17	90652
71	18	10411
71	19	2401
71	20	31386
71	24	242
71	25	159
71	26	335
71	27	1042
71	28	285
71	29	3151
71	30	5262
71	31	6036
71	32	64827
71	33	104686
71	34	15320
71	35	88485
71	36	92868
71	37	344614
71	38	366612
71	39	917387
71	40	7374
72	12	173
72	13	281
72	14	20092
72	15	19570
72	16	75896
72	17	87480
72	18	9704
72	19	2329
72	20	29210
72	24	242
72	25	162
72	26	320
72	27	1135
72	28	268
72	29	3203
72	30	5315
72	31	6270
72	32	61688
72	33	101437
72	34	15381
72	35	86710
72	36	91312
72	37	342628
72	38	367337
72	39	939347
72	40	6137
73	12	178
73	13	273
73	14	21621
73	15	20773
73	16	82822
73	17	94541
73	18	11800
73	19	2820
73	20	36636
73	24	246
73	25	178
73	26	379
73	27	1121
73	28	261
73	29	3399
73	30	5735
73	31	6837
73	32	63008
73	33	107110
73	34	16386
73	35	87263
73	36	94151
73	37	342623
73	38	360404
73	39	903576
73	40	4604
74	12	199
74	13	269
74	14	21026
74	15	20355
74	16	79913
74	17	91334
74	18	10793
74	19	2827
74	20	33241
74	24	248
74	25	177
74	26	350
74	27	1182
74	28	288
74	29	3713
74	30	5726
74	31	7405
74	32	62098
74	33	105159
74	34	15774
74	35	88560
74	36	93218
74	37	344087
74	38	367232
74	39	912190
74	40	3495
75	12	182
75	13	281
75	14	20491
75	15	19541
75	16	77443
75	17	88716
75	18	10169
75	19	2815
75	20	30575
75	24	254
75	25	173
75	26	397
75	27	1183
75	28	314
75	29	3974
75	30	5590
75	31	7922
75	32	60843
75	33	103237
75	34	15729
75	35	86286
75	36	92124
75	37	342700
75	38	371368
75	39	927492
75	40	2561
76	12	189
76	13	273
76	14	20275
76	15	19590
76	16	76265
76	17	87339
76	18	9992
76	19	3105
76	20	28881
76	24	267
76	25	184
76	26	370
76	27	1243
76	28	312
76	29	4070
76	30	5695
76	31	8333
76	32	57504
76	33	101434
76	34	15295
76	35	83801
76	36	91999
76	37	341679
76	38	370490
76	39	942290
76	40	1773
77	12	205
77	13	304
77	14	21868
77	15	21016
77	16	83152
77	17	95144
77	18	12094
77	19	3413
77	20	35690
77	24	254
77	25	178
77	26	361
77	27	1188
77	28	296
77	29	4371
77	30	6361
77	31	9189
77	32	59083
77	33	107793
77	34	16172
77	35	85931
77	36	94107
77	37	341846
77	38	363963
77	39	902814
77	40	1060
78	12	207
78	13	285
78	14	20890
78	15	20447
78	16	78637
78	17	90708
78	18	11040
78	19	3395
78	20	31838
78	24	245
78	25	184
78	26	372
78	27	1318
78	28	324
78	29	4678
78	30	6247
78	31	10031
78	32	58051
78	33	106191
78	34	15691
78	35	86690
78	36	93305
78	37	343437
78	38	373188
78	39	912178
78	40	649
79	12	216
79	13	309
79	14	20647
79	15	19732
79	16	77031
79	17	87819
79	18	10541
79	19	3500
79	20	29657
79	24	253
79	25	179
79	26	368
79	27	1287
79	28	319
79	29	4947
79	30	6375
79	31	10444
79	32	55721
79	33	104244
79	34	15661
79	35	84911
79	36	91797
79	37	342254
79	38	376591
79	39	926389
79	40	412
80	12	215
80	13	334
80	14	20674
80	15	19950
80	16	77470
80	17	89601
80	18	10827
80	19	3794
80	20	29956
80	24	274
80	25	174
80	26	373
80	27	1338
80	28	356
80	29	5103
80	30	6531
80	31	11097
80	32	53317
80	33	103763
80	34	15821
80	35	82453
80	36	91481
80	37	339165
80	38	374539
80	39	931345
80	40	260
81	12	238
81	13	314
81	14	21005
81	15	20233
81	16	79276
81	17	90951
81	18	10933
81	19	3961
81	20	31014
81	24	241
81	25	173
81	26	426
81	27	1393
81	28	325
81	29	5419
81	30	6878
81	31	12131
81	32	51897
81	33	105625
81	34	15808
81	35	82953
81	36	92089
81	37	338851
81	38	372713
81	39	924014
81	40	154
82	12	237
82	13	344
82	14	21550
82	15	20315
82	16	80976
82	17	92424
82	18	12011
82	19	4445
82	20	33752
82	24	258
82	25	204
82	26	382
82	27	1464
82	28	327
82	29	5911
82	30	7064
82	31	13566
82	32	53783
82	33	109165
82	34	16091
82	35	86621
82	36	93436
82	37	345403
82	38	377178
82	39	890872
82	40	76
83	12	239
83	13	320
83	14	20634
83	15	19507
83	16	77117
83	17	88257
83	18	10482
83	19	4301
83	20	28544
83	24	239
83	25	191
83	26	413
83	27	1421
83	28	323
83	29	6404
83	30	7023
83	31	14500
83	32	50103
83	33	106076
83	34	15589
83	35	84761
83	36	91357
83	37	344782
83	38	384021
83	39	913789
83	40	45
84	12	256
84	13	329
84	14	20435
84	15	19456
84	16	76905
84	17	87805
84	18	10991
84	19	4568
84	20	29253
84	24	261
84	25	196
84	26	449
84	27	1464
84	28	371
84	29	6681
84	30	7459
84	31	15491
84	32	48152
84	33	105462
84	34	15650
84	35	83963
84	36	91464
84	37	342715
84	38	382405
84	39	917353
84	40	24
85	12	244
85	13	308
85	14	20528
85	15	19370
85	16	75562
85	17	85777
85	18	10398
85	19	4610
85	20	26853
85	24	247
85	25	208
85	26	408
85	27	1517
85	28	380
85	29	6812
85	30	7477
85	31	16335
85	32	45346
85	33	104617
85	34	15662
85	35	81627
85	36	91015
85	37	340752
85	38	384589
85	39	930517
85	40	14
86	12	242
86	13	332
86	14	19820
86	15	18905
86	16	73423
86	17	84102
86	18	9989
86	19	4803
86	20	24821
86	24	275
86	25	205
86	26	397
86	27	1593
86	28	379
86	29	7007
86	30	7646
86	31	17016
86	32	42267
86	33	102084
86	34	15601
86	35	78065
86	36	89388
86	37	337216
86	38	386516
86	39	949970
86	40	7
87	12	259
87	13	357
87	14	20082
87	15	19044
87	16	73781
87	17	84592
87	18	10083
87	19	5131
87	20	24886
87	24	279
87	25	205
87	26	432
87	27	1557
87	28	410
87	29	7231
87	30	7788
87	31	18042
87	32	39597
87	33	102375
87	34	15811
87	35	76356
87	36	90251
87	37	333791
87	38	386003
87	39	953152
87	40	2
88	12	279
88	13	370
88	14	20486
88	15	19130
88	16	75663
88	17	86250
88	18	10623
88	19	5439
88	20	25759
88	24	282
88	25	208
88	26	444
88	27	1668
88	28	390
88	29	7601
88	30	8095
88	31	19367
88	32	38039
88	33	103998
88	34	15932
88	35	75752
88	36	90925
88	37	334275
88	38	384900
88	39	943940
88	40	2
89	12	283
89	13	431
89	14	20336
89	15	19056
89	16	74006
89	17	84307
89	18	10137
89	19	5691
89	20	24327
89	24	263
89	25	223
89	26	440
89	27	1672
89	28	407
89	29	8178
89	30	8523
89	31	20610
89	32	35753
89	33	103432
89	34	15683
89	35	76084
89	36	90154
89	37	334101
89	38	387168
89	39	949081
89	40	3
90	12	297
90	13	415
90	14	20797
90	15	19551
90	16	76312
90	17	86841
90	18	11184
90	19	6389
90	20	26333
90	24	300
90	25	224
90	26	436
90	27	1657
90	28	401
90	29	8565
90	30	8762
90	31	22125
90	32	34674
90	33	106140
90	34	16011
90	35	76088
90	36	91192
90	37	335888
90	38	386342
90	39	931678
91	12	304
91	13	445
91	14	20632
91	15	19396
91	16	75832
91	17	86304
91	18	10901
91	19	6566
91	20	25026
91	24	306
91	25	219
91	26	467
91	27	1758
91	28	406
91	29	8885
91	30	8978
91	31	23998
91	32	32646
91	33	106056
91	34	15532
91	35	75896
91	36	90478
91	37	336370
91	38	388475
91	39	933179
92	12	335
92	13	448
92	14	21466
92	15	20587
92	16	80611
92	17	91338
92	18	12320
92	19	7852
92	20	28217
92	24	286
92	25	241
92	26	489
92	27	1827
92	28	407
92	29	9565
92	30	9631
92	31	26220
92	32	31383
92	33	109628
92	34	15999
92	35	77087
92	36	91759
92	37	336987
92	38	383142
92	39	906962
93	12	298
93	13	420
93	14	21270
93	15	19813
93	16	76661
93	17	88193
93	18	11730
93	19	7760
93	20	25325
93	24	314
93	25	258
93	26	489
93	27	1904
93	28	432
93	29	10171
93	30	9604
93	31	27597
93	32	29109
93	33	110300
93	34	15932
93	35	77250
93	36	90699
93	37	338146
93	38	388362
93	39	915579
94	12	315
94	13	426
94	14	20525
94	15	19171
94	16	74099
94	17	85010
94	18	11039
94	19	7773
94	20	22896
94	24	344
94	25	246
94	26	504
94	27	1965
94	28	432
94	29	10427
94	30	9742
94	31	28821
94	32	26507
94	33	108373
94	34	15703
94	35	75736
94	36	90148
94	37	338077
94	38	392560
94	39	928431
95	12	332
95	13	432
95	14	20441
95	15	19169
95	16	73411
95	17	84392
95	18	10694
95	19	7949
95	20	21175
95	24	303
95	25	284
95	26	481
95	27	2036
95	28	458
95	29	10587
95	30	9988
95	31	29382
95	32	23584
95	33	106523
95	34	15782
95	35	72744
95	36	89961
95	37	335545
95	38	391748
95	39	941578
95	40	1
96	12	325
96	13	434
96	14	21603
96	15	19780
96	16	76513
96	17	87520
96	18	11983
96	19	9172
96	20	23236
96	24	333
96	25	265
96	26	523
96	27	2136
96	28	506
96	29	10939
96	30	10303
96	31	31416
96	32	22391
96	33	109895
96	34	16179
96	35	73107
96	36	91014
96	37	334918
96	38	387174
96	39	925039
96	40	1
97	12	370
97	13	474
97	14	21872
97	15	20326
97	16	78556
97	17	89702
97	18	12359
97	19	10179
97	20	23837
97	24	337
97	25	258
97	26	497
97	27	2141
97	28	469
97	29	11614
97	30	10948
97	31	33667
97	32	20745
97	33	113457
97	34	16182
97	35	73148
97	36	90936
97	37	336727
97	38	386164
97	39	910482
98	12	355
98	13	501
98	14	20665
98	15	19145
98	16	73794
98	17	84061
98	18	11200
98	19	9416
98	20	19318
98	24	304
98	25	296
98	26	534
98	27	2188
98	28	511
98	29	12066
98	30	11038
98	31	34205
98	32	18306
98	33	111169
98	34	15869
98	35	71704
98	36	89527
98	37	337180
98	38	392914
98	39	932118
98	40	1
99	12	397
99	13	478
99	14	20770
99	15	19097
99	16	73943
99	17	84236
99	18	11047
99	19	9906
99	20	18877
99	24	357
99	25	303
99	26	543
99	27	2310
99	28	521
99	29	11756
99	30	10875
99	31	34683
99	32	16134
99	33	109956
99	34	15876
99	35	68603
99	36	89739
99	37	333811
99	38	390325
99	39	943301
99	40	1
100	12	425
100	13	500
100	14	21411
100	15	19804
100	16	76450
100	17	87782
100	18	12403
100	19	11595
100	20	20416
100	24	348
100	25	285
100	26	556
100	27	2322
100	28	524
100	29	12137
100	30	11563
100	31	36637
100	32	15054
100	33	112876
100	34	16328
100	35	68844
100	36	90583
100	37	335504
100	38	386223
100	39	924949
100	40	1
101	12	428
101	13	515
101	14	22020
101	15	20524
101	16	78905
101	17	89562
101	18	13609
101	19	13151
101	20	21332
101	24	339
101	25	293
101	26	554
101	27	2465
101	28	563
101	29	12753
101	30	12113
101	31	39239
101	32	13881
101	33	117823
101	34	16644
101	35	71011
101	36	92049
101	37	338254
101	38	386780
101	39	898766
102	12	448
102	13	575
102	14	20663
102	15	18886
102	16	72952
102	17	83301
102	18	11515
102	19	11977
102	20	16456
102	24	379
102	25	297
102	26	618
102	27	2536
102	28	565
102	29	13123
102	30	11994
102	31	38545
102	32	11879
102	33	114892
102	34	15925
102	35	68159
102	36	89784
102	37	339138
102	38	395780
102	39	927620
103	12	464
103	13	610
103	14	21725
103	15	19887
103	16	75931
103	17	86218
103	18	13270
103	19	13484
103	20	17126
103	24	362
103	25	300
103	26	605
103	27	2577
103	28	563
103	29	13179
103	30	12387
103	31	39436
103	32	10739
103	33	115532
103	34	16329
103	35	66708
103	36	90526
103	37	337398
103	38	382313
103	39	927777
103	40	1
104	12	461
104	13	568
104	14	21582
104	15	19532
104	16	75666
104	17	84765
104	18	13334
104	19	13848
104	20	15638
104	24	358
104	25	345
104	26	612
104	27	2787
104	28	602
104	29	13340
104	30	12328
104	31	39246
104	32	9913
104	33	116981
104	34	16319
104	35	65043
104	36	90520
104	37	335955
104	38	381590
104	39	933823
105	12	487
105	13	568
105	14	22899
105	15	20608
105	16	78618
105	17	88903
105	18	15473
105	19	16758
105	20	17356
105	24	465
105	25	322
105	26	598
105	27	2854
105	28	606
105	29	13630
105	30	13015
105	31	41954
105	32	9307
105	33	122207
105	34	16649
105	35	66352
105	36	90462
105	37	338859
105	38	376817
105	39	906072
105	40	1
106	12	485
106	13	639
106	14	21175
106	15	19379
106	16	72674
106	17	82775
106	18	12850
106	19	14935
106	20	13070
106	24	400
106	25	336
106	26	668
106	27	3015
106	28	665
106	29	13953
106	30	12936
106	31	41154
106	32	8288
106	33	120254
106	34	15922
106	35	63434
106	36	89752
106	37	339434
106	38	387004
106	39	931286
106	40	2
107	12	503
107	13	649
107	14	21920
107	15	19965
107	16	75806
107	17	85527
107	18	14135
107	19	16430
107	20	13226
107	24	448
107	25	379
107	26	656
107	27	3059
107	28	652
107	29	14183
107	30	12954
107	31	40968
107	32	7996
107	33	120368
107	34	16438
107	35	62131
107	36	89559
107	37	337421
107	38	381043
107	39	928034
107	40	2
108	12	518
108	13	637
108	14	22838
108	15	20376
108	16	79775
108	17	89710
108	18	16197
108	19	19732
108	20	14354
108	24	425
108	25	356
108	26	691
108	27	3102
108	28	653
108	29	14408
108	30	13946
108	31	42609
108	32	7663
108	33	125704
108	34	16697
108	35	62501
108	36	91565
108	37	337383
108	38	376142
108	39	902955
108	40	1
109	12	516
109	13	702
109	14	22481
109	15	20484
109	16	77796
109	17	87487
109	18	15274
109	19	19265
109	20	11980
109	24	432
109	25	403
109	26	724
109	27	3248
109	28	668
109	29	14993
109	30	13838
109	31	42516
109	32	7125
109	33	127148
109	34	16481
109	35	61290
109	36	90739
109	37	338924
109	38	380905
109	39	906951
109	40	1
110	12	547
110	13	717
110	14	21557
110	15	19950
110	16	75094
110	17	84428
110	18	14551
110	19	18700
110	20	10367
110	24	419
110	25	372
110	26	721
110	27	3632
110	28	727
110	29	15286
110	30	14066
110	31	41802
110	32	6607
110	33	126999
110	34	16692
110	35	59568
110	36	89400
110	37	338954
110	38	385086
110	39	917701
110	40	2
111	12	546
111	13	706
111	14	21965
111	15	19943
111	16	75471
111	17	84525
111	18	14508
111	19	19052
111	20	9257
111	24	442
111	25	409
111	26	709
111	27	3536
111	28	669
111	29	14932
111	30	14028
111	31	40451
111	32	6684
111	33	125435
111	34	16671
111	35	57885
111	36	89741
111	37	337575
111	38	383054
111	39	925077
112	12	551
112	13	755
112	14	23376
112	15	20985
112	16	79384
112	17	89393
112	18	16527
112	19	23010
112	20	9539
112	24	454
112	25	414
112	26	758
112	27	3763
112	28	729
112	29	15458
112	30	14715
112	31	41723
112	32	6691
112	33	129527
112	34	17088
112	35	57851
112	36	91090
112	37	340029
112	38	377376
112	39	898942
113	12	636
113	13	788
113	14	22936
113	15	20345
113	16	77144
113	17	87789
113	18	16196
113	19	22656
113	20	8076
113	24	462
113	25	418
113	26	772
113	27	3957
113	28	780
113	29	16034
113	30	14104
113	31	42594
113	32	6583
113	33	132005
113	34	16865
113	35	57235
113	36	90181
113	37	340119
113	38	379202
113	39	903273
114	12	568
114	13	789
114	14	21717
114	15	19960
114	16	72763
114	17	82787
114	18	14196
114	19	20556
114	20	6049
114	24	485
114	25	421
114	26	846
114	27	4128
114	28	817
114	29	16267
114	30	14086
114	31	40101
114	32	6251
114	33	129561
114	34	16694
114	35	54619
114	36	89383
114	37	341525
114	38	387535
114	39	922021
114	40	1
115	12	633
115	13	835
115	14	21961
115	15	20095
115	16	73459
115	17	82851
115	18	14613
115	19	21387
115	20	5372
115	24	512
115	25	431
115	26	832
115	27	4150
115	28	808
115	29	16165
115	30	13788
115	31	39281
115	32	6370
115	33	127559
115	34	16917
115	35	53213
115	36	88787
115	37	336802
115	38	382877
115	39	933241
115	40	1
116	12	654
116	13	869
116	14	23116
116	15	21026
116	16	77185
116	17	87310
116	18	16534
116	19	25369
116	20	5389
116	24	498
116	25	475
116	26	836
116	27	4300
116	28	847
116	29	16652
116	30	14816
116	31	39764
116	32	6502
116	33	131340
116	34	17020
116	35	53744
116	36	89536
116	37	336765
116	38	377759
116	39	910965
116	40	3
117	12	662
117	13	878
117	14	21893
117	15	20408
117	16	72729
117	17	82519
117	18	14970
117	19	22530
117	20	4078
117	24	551
117	25	510
117	26	894
117	27	4760
117	28	874
117	29	17041
117	30	14573
117	31	38733
117	32	6316
117	33	131029
117	34	17037
117	35	51732
117	36	88931
117	37	337405
117	38	384024
117	39	927501
118	12	710
118	13	846
118	14	23166
118	15	20954
118	16	76784
118	17	86541
118	18	16760
118	19	25454
118	20	4007
118	24	550
118	25	512
118	26	878
118	27	4748
118	28	870
118	29	17301
118	30	15481
118	31	39164
118	32	6565
118	33	134210
118	34	17539
118	35	52475
118	36	89628
118	37	340205
118	38	380554
118	39	903984
118	40	1
119	12	695
119	13	996
119	14	22561
119	15	20388
119	16	74383
119	17	82627
119	18	15329
119	19	23400
119	20	3088
119	24	555
119	25	517
119	26	982
119	27	4894
119	28	912
119	29	17977
119	30	15268
119	31	37820
119	32	6223
119	33	133713
119	34	17396
119	35	51500
119	36	88853
119	37	340532
119	38	385258
119	39	915565
119	40	2
120	12	803
120	13	894
120	14	24169
120	15	21679
120	16	78172
120	17	87564
120	18	17775
120	19	27678
120	20	2826
120	24	599
120	25	583
120	26	898
120	27	5200
120	28	934
120	29	18581
120	30	16159
120	31	38474
120	32	6439
120	33	135938
120	34	17706
120	35	51937
120	36	88851
120	37	339002
120	38	376995
120	39	897817
120	40	1
121	12	778
121	13	994
121	14	23395
121	15	21273
121	16	74767
121	17	84871
121	18	16486
121	19	26349
121	20	2233
121	24	595
121	25	563
121	26	983
121	27	5574
121	28	979
121	29	19471
121	30	16276
121	31	37630
121	32	6276
121	33	138195
121	34	17364
121	35	50888
121	36	88809
121	37	342436
121	38	382805
121	39	899103
121	40	2
122	12	760
122	13	1010
122	14	22888
122	15	21241
122	16	73732
122	17	82578
122	18	15546
122	19	24620
122	20	1760
122	24	624
122	25	563
122	26	1101
122	27	5644
122	28	1022
122	29	19484
122	30	16201
122	31	36223
122	32	6032
122	33	135339
122	34	17354
122	35	49847
122	36	88171
122	37	342439
122	38	386066
122	39	910328
123	12	804
123	13	1071
123	14	24034
123	15	21687
123	16	76626
123	17	86164
123	18	17037
123	19	26769
123	20	1542
123	24	613
123	25	610
123	26	1025
123	27	6012
123	28	964
123	29	19676
123	30	16587
123	31	35395
123	32	6429
123	33	134975
123	34	17903
123	35	50720
123	36	88320
123	37	339398
123	38	379635
123	39	903850
123	40	1
124	12	797
124	13	1120
124	14	24179
124	15	21964
124	16	76745
124	17	86147
124	18	16504
124	19	26483
124	20	1196
124	24	638
124	25	613
124	26	1103
124	27	6282
124	28	1058
124	29	20457
124	30	16768
124	31	34264
124	32	6421
124	33	134774
124	34	17704
124	35	50235
124	36	87691
124	37	337332
124	38	379865
124	39	907233
124	40	2
125	12	815
125	13	1082
125	14	23460
125	15	21767
125	16	74594
125	17	83527
125	18	16128
125	19	25109
125	20	969
125	24	671
125	25	607
125	26	1101
125	27	6445
125	28	1112
125	29	20706
125	30	16696
125	31	32839
125	32	6364
125	33	133302
125	34	18011
125	35	49551
125	36	87320
125	37	338619
125	38	382718
125	39	915355
125	40	1
126	12	878
126	13	1114
126	14	23791
126	15	21927
126	16	76011
126	17	84713
126	18	16733
126	19	26498
126	20	850
126	24	679
126	25	641
126	26	1182
126	27	6893
126	28	1126
126	29	20947
126	30	17344
126	31	32194
126	32	6331
126	33	134371
126	34	18297
126	35	50031
126	36	87868
126	37	339614
126	38	380407
126	39	906421
126	40	927
127	12	923
127	13	1248
127	14	24699
127	15	22990
127	16	78093
127	17	87890
127	18	17554
127	19	28322
127	20	694
127	24	716
127	25	643
127	26	1165
127	27	7053
127	28	1100
127	29	22004
127	30	18359
127	31	31857
127	32	6652
127	33	136710
127	34	18295
127	35	50858
127	36	88909
127	37	341154
127	38	377986
127	39	888631
127	40	896
128	12	932
128	13	1280
128	14	25792
128	15	23852
128	16	81587
128	17	90689
128	18	19398
128	19	31389
128	20	589
128	24	732
128	25	701
128	26	1245
128	27	7597
128	28	1130
128	29	23510
128	30	19397
128	31	32088
128	32	6586
128	33	141551
128	34	18692
128	35	51936
128	36	88413
128	37	343368
128	38	374795
128	39	864272
128	40	942
129	12	926
129	13	1355
129	14	23736
129	15	22360
129	16	75107
129	17	83142
129	18	15970
129	19	25841
129	20	444
129	24	787
129	25	692
129	26	1294
129	27	8216
129	28	1282
129	29	24285
129	30	19106
129	31	30713
129	32	6163
129	33	141429
129	34	18779
129	35	49870
129	36	86639
129	37	347238
129	38	389090
129	39	882303
129	40	829
130	12	958
130	13	1395
130	14	24287
130	15	22907
130	16	75882
130	17	84098
130	18	16373
130	19	26289
130	20	326
130	24	770
130	25	714
130	26	1339
130	27	8493
130	28	1273
130	29	24780
130	30	19441
130	31	29338
130	32	6421
130	33	137182
130	34	19231
130	35	50675
130	36	86380
130	37	345144
130	38	384939
130	39	887566
130	40	828
131	12	967
131	13	1358
131	14	23512
131	15	22640
131	16	73667
131	17	81821
131	18	14809
131	19	23874
131	20	273
131	24	803
131	25	752
131	26	1371
131	27	8598
131	28	1278
131	29	24350
131	30	18756
131	31	26850
131	32	6350
131	33	132367
131	34	18924
131	35	50178
131	36	85260
131	37	341954
131	38	385216
131	39	911402
131	40	917
132	12	1029
132	13	1422
132	14	24109
132	15	22953
132	16	74745
132	17	83567
132	18	15451
132	19	24528
132	20	230
132	24	782
132	25	776
132	26	1408
132	27	8847
132	28	1327
132	29	24482
132	30	18941
132	31	25790
132	32	6522
132	33	129674
132	34	19263
132	35	50108
132	36	85227
132	37	336956
132	38	380911
132	39	916761
132	40	855
133	12	1014
133	13	1428
133	14	23674
133	15	22909
133	16	73129
133	17	81506
133	18	14582
133	19	23144
133	20	148
133	24	851
133	25	814
133	26	1434
133	27	9320
133	28	1346
133	29	25119
133	30	18721
133	31	24090
133	32	6456
133	33	128002
133	34	19248
133	35	49598
133	36	85178
133	37	336017
133	38	383043
133	39	925759
133	40	929
134	12	996
134	13	1492
134	14	24229
134	15	23494
134	16	74368
134	17	82729
134	18	15549
134	19	24338
134	20	127
134	24	869
134	25	858
134	26	1439
134	27	9644
134	28	1425
134	29	25211
134	30	19094
134	31	23171
134	32	6460
134	33	127395
134	34	19607
134	35	50789
134	36	84938
134	37	334684
134	38	379917
134	39	921752
134	40	974
135	12	1068
135	13	1526
135	14	24308
135	15	23745
135	16	74093
135	17	82653
135	18	15297
135	19	23615
135	20	90
135	24	903
135	25	820
135	26	1453
135	27	10121
135	28	1426
135	29	25965
135	30	19389
135	31	22218
135	32	6663
135	33	128250
135	34	19859
135	35	50635
135	36	84296
135	37	333947
135	38	380648
135	39	921876
135	40	826
136	12	1135
136	13	1578
136	14	24497
136	15	23821
136	16	74300
136	17	83150
136	18	15443
136	19	23844
136	20	51
136	24	882
136	25	798
136	26	1575
136	27	10522
136	28	1497
136	29	26809
136	30	19569
136	31	21149
136	32	6583
136	33	128479
136	34	20112
136	35	51151
136	36	83484
136	37	335081
136	38	380056
136	39	918274
136	40	918
137	12	1126
137	13	1649
137	14	23923
137	15	23815
137	16	73163
137	17	81039
137	18	14635
137	19	22205
137	20	43
137	24	928
137	25	867
137	26	1641
137	27	11040
137	28	1487
137	29	27098
137	30	19911
137	31	20116
137	32	6642
137	33	127138
137	34	20180
137	35	50918
137	36	82091
137	37	335241
137	38	383533
137	39	924332
137	40	863
138	12	1239
138	13	1643
138	14	24812
138	15	24431
138	16	75274
138	17	83337
138	18	15516
138	19	23806
138	20	35
138	24	979
138	25	959
138	26	1774
138	27	11788
138	28	1517
138	29	28058
138	30	20799
138	31	19671
138	32	6620
138	33	128554
138	34	20650
138	35	51978
138	36	82048
138	37	336685
138	38	379672
138	39	911532
138	40	852
139	12	1191
139	13	1751
139	14	24639
139	15	24784
139	16	73974
139	17	81692
139	18	15049
139	19	23192
139	20	15
139	24	979
139	25	978
139	26	1632
139	27	12435
139	28	1577
139	29	28961
139	30	21297
139	31	19089
139	32	6692
139	33	130372
139	34	20785
139	35	52590
139	36	81537
139	37	339667
139	38	383167
139	39	905658
139	40	777
140	12	1240
140	13	1820
140	14	24803
140	15	24917
140	16	74050
140	17	81940
140	18	15048
140	19	22535
140	20	13
140	24	1042
140	25	1003
140	26	1793
140	27	12670
140	28	1600
140	29	28622
140	30	20686
140	31	17755
140	32	6666
140	33	127582
140	34	20850
140	35	52366
140	36	81231
140	37	337757
140	38	381745
140	39	913749
140	40	715
141	12	1308
141	13	1929
141	14	26006
141	15	25817
141	16	77157
141	17	85843
141	18	16267
141	19	24972
141	20	4
141	24	1105
141	25	1075
141	26	1863
141	27	13457
141	28	1700
141	29	29668
141	30	22182
141	31	17297
141	32	6889
141	33	130497
141	34	21689
141	35	53642
141	36	81118
141	37	338508
141	38	377095
141	39	893433
141	40	741
142	12	1317
142	13	1927
142	14	24638
142	15	25178
142	16	74629
142	17	82587
142	18	15050
142	19	22261
142	20	5
142	24	1130
142	25	1009
142	26	1981
142	27	14136
142	28	1800
142	29	30204
142	30	22111
142	31	16650
142	32	6579
142	33	129828
142	34	21845
142	35	53562
142	36	79870
142	37	339965
142	38	382805
142	39	901158
142	40	685
143	12	1363
143	13	1925
143	14	27332
143	15	27082
143	16	79288
143	17	88210
143	18	18195
143	19	27024
143	20	1
143	24	1159
143	25	1072
143	26	1979
143	27	15009
143	28	1895
143	29	31533
143	30	25083
143	31	16887
143	32	6924
143	33	136544
143	34	22763
143	35	56401
143	36	80681
143	37	346713
143	38	376450
143	39	856344
143	40	597
144	12	1374
144	13	2052
144	14	25686
144	15	26277
144	16	76561
144	17	83636
144	18	15432
144	19	22478
144	24	1177
144	25	1151
144	26	2073
144	27	15542
144	28	1939
144	29	31804
144	30	23972
144	31	15919
144	32	6757
144	33	134800
144	34	22620
144	35	55269
144	36	78307
144	37	346030
144	38	383942
144	39	876306
144	40	651
145	12	1418
145	13	2055
145	14	25508
145	15	26536
145	16	76013
145	17	82663
145	18	14759
145	19	21642
145	20	1
145	24	1247
145	25	1099
145	26	2112
145	27	15674
145	28	1955
145	29	31061
145	30	22609
145	31	14756
145	32	6833
145	33	128554
145	34	22977
145	35	55242
145	36	77233
145	37	342062
145	38	381870
145	39	895441
145	40	606
146	12	1437
146	13	2149
146	14	25830
146	15	27047
146	16	77070
146	17	83593
146	18	15253
146	19	21879
146	24	1249
146	25	1166
146	26	2089
146	27	16363
146	28	2080
146	29	30505
146	30	22843
146	31	14150
146	32	6904
146	33	126617
146	34	23679
146	35	55539
146	36	76862
146	37	340087
146	38	380212
146	39	895347
146	40	614
147	12	1448
147	13	2210
147	14	25624
147	15	26897
147	16	76225
147	17	82462
147	18	14372
147	19	20548
147	24	1305
147	25	1224
147	26	2244
147	27	16851
147	28	2000
147	29	30708
147	30	22964
147	31	13877
147	32	7048
147	33	125805
147	34	23782
147	35	56195
147	36	75652
147	37	338397
147	38	381425
147	39	900925
147	40	619
148	12	1552
148	13	2350
148	14	25228
148	15	27036
148	16	76289
148	17	81407
148	18	14628
148	19	19983
148	24	1357
148	25	1209
148	26	2295
148	27	17479
148	28	2134
148	29	30900
148	30	22881
148	31	13537
148	32	6986
148	33	125553
148	34	23920
148	35	56527
148	36	74940
148	37	338662
148	38	382811
148	39	900397
148	40	547
149	12	1580
149	13	2400
149	14	25535
149	15	27581
149	16	77945
149	17	83441
149	18	14640
149	19	20315
149	24	1392
149	25	1304
149	26	2377
149	27	17880
149	28	2277
149	29	30497
149	30	22946
149	31	13083
149	32	7042
149	33	124639
149	34	24536
149	35	57040
149	36	74571
149	37	338921
149	38	379490
149	39	897364
149	40	488
150	12	1510
150	13	2434
150	14	26369
150	15	28429
150	16	80342
150	17	85551
150	18	15829
150	19	21667
150	24	1426
150	25	1292
150	26	2430
150	27	19055
150	28	2234
150	29	31193
150	30	24657
150	31	13701
150	32	7002
150	33	127925
150	34	25043
150	35	59212
150	36	73606
150	37	341681
150	38	378475
150	39	875362
150	40	470
151	12	1640
151	13	2553
151	14	25321
151	15	27796
151	16	77435
151	17	81283
151	18	13911
151	19	18553
151	24	1514
151	25	1346
151	26	2593
151	27	19682
151	28	2430
151	29	31206
151	30	24507
151	31	13862
151	32	7019
151	33	126669
151	34	25155
151	35	59170
151	36	71286
151	37	343274
151	38	385006
151	39	885818
151	40	460
152	12	1700
152	13	2624
152	14	25580
152	15	28089
152	16	78389
152	17	82386
152	18	13984
152	19	18605
152	24	1490
152	25	1447
152	26	2593
152	27	20134
152	28	2487
152	29	30834
152	30	24439
152	31	13659
152	32	7312
152	33	123507
152	34	25924
152	35	60000
152	36	70555
152	37	342335
152	38	383531
152	39	886473
152	40	427
153	12	1722
153	13	2682
153	14	25367
153	15	28256
153	16	77303
153	17	80673
153	18	13218
153	19	17205
153	24	1638
153	25	1467
153	26	2662
153	27	20447
153	28	2477
153	29	30470
153	30	23605
153	31	13917
153	32	6981
153	33	121714
153	34	26602
153	35	59530
153	36	69361
153	37	341091
153	38	382527
153	39	897627
153	40	373
154	12	1891
154	13	2862
154	14	27066
154	15	29494
154	16	83141
154	17	86201
154	18	15100
154	19	19175
154	24	1662
154	25	1516
154	26	2751
154	27	21466
154	28	2630
154	29	31255
154	30	25311
154	31	14306
154	32	7399
154	33	125301
154	34	27215
154	35	62608
154	36	68802
154	37	341381
154	38	376523
154	39	869799
154	40	328
155	12	1824
155	13	2951
155	14	25577
155	15	28705
155	16	80025
155	17	80878
155	18	13304
155	19	16630
155	24	1677
155	25	1559
155	26	3005
155	27	22018
155	28	2754
155	29	30981
155	30	24861
155	31	14714
155	32	7149
155	33	122548
155	34	27339
155	35	61438
155	36	66555
155	37	341961
155	38	386113
155	39	883039
155	40	322
156	12	1840
156	13	2960
156	14	24381
156	15	28440
156	16	76317
156	17	76478
156	18	11847
156	19	14517
156	24	1781
156	25	1715
156	26	2997
156	27	22091
156	28	2765
156	29	29829
156	30	23325
156	31	14802
156	32	7219
156	33	116813
156	34	27533
156	35	61148
156	36	64839
156	37	341255
156	38	387240
156	39	906985
156	40	311
157	12	1911
157	13	3113
157	14	24609
157	15	28653
157	16	78025
157	17	78053
157	18	11848
157	19	14319
157	24	1790
157	25	1666
157	26	3081
157	27	22062
157	28	2892
157	29	28828
157	30	22944
157	31	14746
157	32	7464
157	33	115142
157	34	28052
157	35	62044
157	36	64505
157	37	337859
157	38	383151
157	39	910859
157	40	274
158	12	2029
158	13	3223
158	14	26456
158	15	30580
158	16	83574
158	17	84591
158	18	13713
158	19	15689
158	24	1868
158	25	1687
158	26	3127
158	27	23656
158	28	2870
158	29	29329
158	30	24914
158	31	15891
158	32	7546
158	33	118911
158	34	28741
158	35	65261
158	36	64275
158	37	340632
158	38	378133
158	39	877131
158	40	250
159	12	2060
159	13	3431
159	14	25674
159	15	30943
159	16	82237
159	17	80956
159	18	13361
159	19	14781
159	24	1925
159	25	1735
159	26	3318
159	27	24736
159	28	3275
159	29	29828
159	30	25879
159	31	17369
159	32	7414
159	33	120390
159	34	29899
159	35	66325
159	36	61652
159	37	348930
159	38	385701
159	39	863731
159	40	194
160	12	2081
160	13	3469
160	14	25708
160	15	30830
160	16	83173
160	17	81602
160	18	13128
160	19	14216
160	24	1986
160	25	1777
160	26	3470
160	27	25407
160	28	3287
160	29	29598
160	30	25876
160	31	17650
160	32	7521
160	33	118450
160	34	29808
160	35	66726
160	36	60480
160	37	346022
160	38	383281
160	39	868787
160	40	185
161	12	2090
161	13	3538
161	14	24859
161	15	30365
161	16	80410
161	17	77543
161	18	11907
161	19	12001
161	24	2016
161	25	1884
161	26	3508
161	27	25414
161	28	3416
161	29	29171
161	30	24824
161	31	18380
161	32	7518
161	33	115687
161	34	30622
161	35	66611
161	36	58128
161	37	315588
161	38	418157
161	39	870418
161	40	11784
162	12	2300
162	13	3634
162	14	26092
162	15	32381
162	16	86270
162	17	82308
162	18	12760
162	19	12839
162	24	2159
162	25	1960
162	26	3580
162	27	26130
162	28	3490
162	29	28835
162	30	25490
162	31	18562
162	32	7784
162	33	114895
162	34	31079
162	35	68345
162	36	58221
162	37	312096
162	38	410369
162	39	860444
162	40	11450
163	12	2292
163	13	3806
163	14	25488
163	15	31934
163	16	84971
163	17	80030
163	18	11934
163	19	11577
163	24	2173
163	25	1957
163	26	3699
163	27	26732
163	28	3592
163	29	28486
163	30	25303
163	31	19510
163	32	7692
163	33	113270
163	34	31302
163	35	69054
163	36	57360
163	37	309982
163	38	413240
163	39	867211
163	40	11252
164	12	2280
164	13	3851
164	14	24783
164	15	32108
164	16	84060
164	17	77246
164	18	11082
164	19	10205
164	24	2206
164	25	2072
164	26	3750
164	27	26560
164	28	3621
164	29	27727
164	30	24121
164	31	19837
164	32	7597
164	33	109337
164	34	31705
164	35	67992
164	36	55865
164	37	308080
164	38	415209
164	39	882012
164	40	10981
165	12	2379
165	13	4197
165	14	24341
165	15	32163
165	16	83442
165	17	76173
165	18	10412
165	19	9315
165	24	2204
165	25	2080
165	26	3965
165	27	26751
165	28	3697
165	29	27139
165	30	23849
165	31	20091
165	32	7811
165	33	106214
165	34	32044
165	35	68914
165	36	55252
165	37	307938
165	38	414369
165	39	888891
165	40	10433
166	12	2667
166	13	4318
166	14	27563
166	15	35215
166	16	93938
166	17	86055
166	18	13409
166	19	11132
166	24	2388
166	25	2221
166	26	4081
166	27	29018
166	28	4023
166	29	28921
166	30	26869
166	31	22148
166	32	8080
166	33	113170
166	34	33129
166	35	73170
166	36	54676
166	37	314319
166	38	405440
166	39	833263
166	40	8852
167	12	2656
167	13	4440
167	14	26325
167	15	34494
167	16	91958
167	17	83006
167	18	11843
167	19	9799
167	24	2460
167	25	2360
167	26	4166
167	27	29919
167	28	4393
167	29	29076
167	30	26908
167	31	23798
167	32	7936
167	33	111396
167	34	33641
167	35	72866
167	36	53278
167	37	315439
167	38	412631
167	39	836909
167	40	8013
168	12	2539
168	13	4582
168	14	25082
168	15	33197
168	16	86635
168	17	74826
168	18	10098
168	19	7882
168	24	2624
168	25	2357
168	26	4523
168	27	29924
168	28	4556
168	29	28600
168	30	25695
168	31	24047
168	32	7929
168	33	105882
168	34	33936
168	35	72691
168	36	50084
168	37	316303
168	38	418099
168	39	863025
168	40	7614
169	12	2623
169	13	4689
169	14	23781
169	15	33410
169	16	85174
169	17	71616
169	18	8985
169	19	6884
169	24	2703
169	25	2466
169	26	4450
169	27	29607
169	28	4491
169	29	27211
169	30	24848
169	31	23979
169	32	7967
169	33	101434
169	34	34590
169	35	73284
169	36	49208
169	37	314328
169	38	420678
169	39	878062
169	40	7171
170	12	2886
170	13	4820
170	14	26796
170	15	36159
170	16	94606
170	17	79628
170	18	11043
170	19	7721
170	24	2680
170	25	2466
170	26	4535
170	27	30683
170	28	4711
170	29	27942
170	30	27155
170	31	25453
170	32	8256
170	33	104817
170	34	35424
170	35	75827
170	36	49315
170	37	313903
170	38	409728
170	39	845189
170	40	6421
171	12	2795
171	13	5007
171	14	25673
171	15	35447
171	16	91720
171	17	76094
171	18	9702
171	19	6558
171	24	2872
171	25	2529
171	26	4876
171	27	31180
171	28	5022
171	29	27972
171	30	26606
171	31	26325
171	32	8268
171	33	102143
171	34	35702
171	35	75970
171	36	48182
171	37	315152
171	38	414885
171	39	853045
171	40	5922
172	12	3012
172	13	5426
172	14	25727
172	15	36630
172	16	93640
172	17	75640
172	18	9536
172	19	6191
172	24	2876
172	25	2514
172	26	4874
172	27	32233
172	28	5189
172	29	27200
172	30	26491
172	31	26518
172	32	8464
172	33	99325
172	34	35305
172	35	76662
172	36	47624
172	37	312185
172	38	412021
172	39	857770
172	40	5609
173	12	2918
173	13	5241
173	14	24138
173	15	35876
173	16	90432
173	17	70342
173	18	8281
173	19	4984
173	24	3058
173	25	2786
173	26	5101
173	27	32169
173	28	5417
173	29	26540
173	30	25928
173	31	27311
173	32	8380
173	33	96193
173	34	36076
173	35	75722
173	36	46584
173	37	313743
173	38	418218
173	39	869909
173	40	5083
174	12	3246
174	13	5944
174	14	27087
174	15	39590
174	16	102368
174	17	80504
174	18	10268
174	19	5854
174	24	3125
174	25	2875
174	26	5174
174	27	34650
174	28	5847
174	29	28146
174	30	28844
174	31	29856
174	32	8563
174	33	100985
174	34	36880
174	35	79681
174	36	45890
174	37	316090
174	38	406753
174	39	821170
174	40	4385
175	12	3407
175	13	5989
175	14	25804
175	15	38622
175	16	97730
175	17	74024
175	18	8574
175	19	4446
175	24	3250
175	25	2960
175	26	5594
175	27	34890
175	28	6013
175	29	27903
175	30	28245
175	31	30711
175	32	8470
175	33	96884
175	34	36929
175	35	78728
175	36	45431
175	37	316280
175	38	413751
175	39	838076
175	40	3920
176	12	3319
176	13	6124
176	14	25008
176	15	38258
176	16	95887
176	17	69529
176	18	7541
176	19	3739
176	24	3188
176	25	2904
176	26	5566
176	27	34680
176	28	6077
176	29	26915
176	30	26959
176	31	29720
176	32	8663
176	33	92009
176	34	37382
176	35	78009
176	36	44396
176	37	312517
176	38	414157
176	39	861322
176	40	3641
177	12	3383
177	13	6252
177	14	24711
177	15	39126
177	16	97662
177	17	68580
177	18	7343
177	19	3345
177	24	3272
177	25	3040
177	26	5755
177	27	34443
177	28	6121
177	29	25594
177	30	26357
177	31	28807
177	32	8845
177	33	90523
177	34	37360
177	35	78064
177	36	44572
177	37	310187
177	38	412889
177	39	867185
177	40	3214
178	12	3618
178	13	6692
178	14	25450
178	15	41087
178	16	102469
178	17	70603
178	18	7649
178	19	3165
178	24	3394
178	25	3156
178	26	5748
178	27	35790
178	28	6338
178	29	26117
178	30	27192
178	31	29912
178	32	8801
178	33	90830
178	34	37876
178	35	79909
178	36	44817
178	37	310356
178	38	409042
178	39	851149
178	40	2837
179	12	3573
179	13	6847
179	14	24760
179	15	41242
179	16	100689
179	17	67513
179	18	6783
179	19	2627
179	24	3520
179	25	3449
179	26	6134
179	27	36666
179	28	7140
179	29	26346
179	30	27763
179	31	31268
179	32	8795
179	33	87264
179	34	38329
179	35	79942
179	36	44456
179	37	312189
179	38	414718
179	39	850532
179	40	2429
180	12	3789
180	13	7076
180	14	24547
180	15	41185
180	16	100829
180	17	64554
180	18	6211
180	19	2278
180	24	3638
180	25	3430
180	26	6297
180	27	37261
180	28	7081
180	29	25470
180	30	27256
180	31	31109
180	32	8948
180	33	84765
180	34	38311
180	35	79230
180	36	43142
180	37	310269
180	38	413308
180	39	862643
180	40	2183
181	12	3847
181	13	7303
181	14	24232
181	15	41857
181	16	100434
181	17	61592
181	18	5736
181	19	1946
181	24	3853
181	25	3511
181	26	6467
181	27	37317
181	28	7291
181	29	25091
181	30	27288
181	31	31265
181	32	8914
181	33	82877
181	34	39105
181	35	80076
181	36	42937
181	37	312335
181	38	416491
181	39	861054
181	40	1983
182	12	4205
182	13	8012
182	14	26073
182	15	45465
182	16	112526
182	17	68260
182	18	6571
182	19	1949
182	24	3896
182	25	3697
182	26	6584
182	27	40722
182	28	8030
182	29	26367
182	30	29123
182	31	32644
182	32	9285
182	33	85982
182	34	40198
182	35	83804
182	36	43146
182	37	314942
182	38	406975
182	39	819817
182	40	1399
183	12	4199
183	13	8321
183	14	24882
183	15	45045
183	16	109111
183	17	62514
183	18	5651
183	19	1534
183	24	4011
183	25	3845
183	26	7108
183	27	41373
183	28	8250
183	29	26396
183	30	29790
183	31	33862
183	32	9147
183	33	83444
183	34	40406
183	35	82946
183	36	42484
183	37	315505
183	38	412195
183	39	828288
183	40	1211
184	12	4192
184	13	8355
184	14	24562
184	15	45154
184	16	106835
184	17	58643
184	18	5047
184	19	1282
184	24	4107
184	25	4068
184	26	7163
184	27	41400
184	28	8631
184	29	25099
184	30	28719
184	31	32869
184	32	9238
184	33	79688
184	34	40676
184	35	81928
184	36	41673
184	37	312194
184	38	413885
184	39	845615
184	40	997
185	12	4192
185	13	8715
185	14	24773
185	15	46913
185	16	110448
185	17	58229
185	18	4949
185	19	1167
185	24	4392
185	25	4153
185	26	7640
185	27	42621
185	28	9176
185	29	25238
185	30	29716
185	31	33911
185	32	9156
185	33	79121
185	34	41376
185	35	83546
185	36	41096
185	37	316476
185	38	414546
185	39	827894
185	40	800
186	12	4832
186	13	9709
186	14	27023
186	15	51677
186	16	123762
186	17	64123
186	18	5751
186	19	1115
186	24	4515
186	25	4525
186	26	8127
186	27	47983
186	28	10463
186	29	28685
186	30	34041
186	31	38130
186	32	9491
186	33	82613
186	34	42513
186	35	88517
186	36	40193
186	37	321258
186	38	404987
186	39	769960
186	40	560
187	12	4652
187	13	9766
187	14	25582
187	15	50599
187	16	117208
187	17	57658
187	18	4633
187	19	863
187	24	4834
187	25	4776
187	26	8563
187	27	48319
187	28	11095
187	29	27814
187	30	33571
187	31	37875
187	32	9849
187	33	78762
187	34	43258
187	35	88076
187	36	39742
187	37	325077
187	38	414965
187	39	780096
187	40	400
188	12	4803
188	13	9878
188	14	25156
188	15	50517
188	16	116485
188	17	53622
188	18	3962
188	19	716
188	24	4944
188	25	4886
188	26	8769
188	27	47463
188	28	10751
188	29	25927
188	30	31497
188	31	34416
188	32	9731
188	33	75810
188	34	43612
188	35	86993
188	36	40295
188	37	320106
188	38	413100
188	39	803951
188	40	346
189	12	4577
189	13	9982
189	14	24000
189	15	49885
189	16	111024
189	17	47947
189	18	3308
189	19	556
189	24	5046
189	25	5034
189	26	8897
189	27	46380
189	28	11020
189	29	24649
189	30	30521
189	31	33039
189	32	9747
189	33	73199
189	34	43714
189	35	85464
189	36	40159
189	37	317194
189	38	418836
189	39	824840
189	40	272
190	12	5132
190	13	10718
190	14	25190
190	15	54171
190	16	121210
190	17	50173
190	18	3355
190	19	456
190	24	5032
190	25	5062
190	26	8994
190	27	48017
190	28	11251
190	29	24677
190	30	30673
190	31	32199
190	32	9809
190	33	75216
190	34	43789
190	35	86420
190	36	41010
190	37	315159
190	38	408571
190	39	808204
190	40	188
191	12	5249
191	13	10967
191	14	24884
191	15	55189
191	16	122197
191	17	47822
191	18	3070
191	19	383
191	24	5262
191	25	5395
191	26	9190
191	27	49685
191	28	12047
191	29	24773
191	30	31993
191	31	32762
191	32	9897
191	33	73719
191	34	44469
191	35	86474
191	36	41187
191	37	315062
191	38	409458
191	39	803339
191	40	150
192	12	5303
192	13	11432
192	14	24130
192	15	54497
192	16	117704
192	17	42795
192	18	2562
192	19	280
192	24	5459
192	25	5442
192	26	9656
192	27	48759
192	28	12037
192	29	23582
192	30	30388
192	31	30645
192	32	9870
192	33	70812
192	34	44146
192	35	84966
192	36	41165
192	37	312970
192	38	412728
192	39	823817
192	40	141
193	12	5421
193	13	11990
193	14	24324
193	15	57297
193	16	121504
193	17	41909
193	18	2463
193	19	268
193	24	5614
193	25	5784
193	26	10039
193	27	49998
193	28	12660
193	29	23384
193	30	31152
193	31	30083
193	32	9866
193	33	72057
193	34	45430
193	35	86244
193	36	41806
193	37	313062
193	38	409798
193	39	811015
193	40	105
194	12	5694
194	13	12668
194	14	24897
194	15	59375
194	16	125653
194	17	40803
194	18	2185
194	19	194
194	24	5530
194	25	6002
194	26	9999
194	27	51462
194	28	13240
194	29	22830
194	30	30983
194	31	29233
194	32	10113
194	33	72206
194	34	45495
194	35	86259
194	36	42861
194	37	311732
194	38	406831
194	39	805130
194	40	61
195	12	6018
195	13	13306
195	14	25148
195	15	62027
195	16	130242
195	17	39997
195	18	2094
195	19	187
195	24	6021
195	25	6480
195	26	10933
195	27	54763
195	28	14660
195	29	24620
195	30	32752
195	31	30217
195	32	10427
195	33	71621
195	34	47096
195	35	88648
195	36	41767
195	37	315779
195	38	408476
195	39	776238
195	40	47
196	12	5736
196	13	13065
196	14	23658
196	15	59511
196	16	118319
196	17	33317
196	18	1578
196	19	137
196	24	6207
196	25	6578
196	26	11722
196	27	53957
196	28	15305
196	29	24069
196	30	32509
196	31	29580
196	32	10264
196	33	67358
196	34	48258
196	35	88045
196	36	40516
196	37	319945
196	38	420080
196	39	793588
196	40	38
197	12	5957
197	13	13429
197	14	23808
197	15	61926
197	16	120655
197	17	31433
197	18	1388
197	19	109
197	24	6341
197	25	6761
197	26	11436
197	27	53325
197	28	14648
197	29	22188
197	30	30093
197	31	25969
197	32	10258
197	33	68519
197	34	48269
197	35	87609
197	36	41346
197	37	314100
197	38	412840
197	39	808988
197	40	20
198	12	6590
198	13	14967
198	14	25323
198	15	67870
198	16	130987
198	17	32777
198	18	1384
198	19	104
198	24	6570
198	25	7079
198	26	11960
198	27	56275
198	28	16067
198	29	22766
198	30	31138
198	31	26199
198	32	10652
198	33	71192
198	34	48833
198	35	89384
198	36	42112
198	37	313328
198	38	404452
198	39	778618
198	40	17
199	12	6438
199	13	14930
199	14	24408
199	15	67292
199	16	125040
199	17	28684
199	18	1186
199	19	69
199	24	6835
199	25	7376
199	26	12491
199	27	56251
199	28	16853
199	29	23082
199	30	31151
199	31	25239
199	32	10645
199	33	69448
199	34	49363
199	35	88186
199	36	42287
199	37	312565
199	38	412277
199	39	786014
199	40	14
200	12	6374
200	13	14678
200	14	23541
200	15	67152
200	16	119802
200	17	25471
200	18	876
200	19	50
200	24	6993
200	25	7605
200	26	12954
200	27	55407
200	28	16847
200	29	21356
200	30	29625
200	31	23444
200	32	10624
200	33	67696
200	34	50841
200	35	87438
200	36	41997
200	37	312619
200	38	413458
200	39	801470
200	40	10
201	12	6452
201	13	15549
201	14	23934
201	15	69459
201	16	121025
201	17	23588
201	18	802
201	19	33
201	24	7214
201	25	7760
201	26	13131
201	27	55808
201	28	17195
201	29	21109
201	30	28483
201	31	22200
201	32	10604
201	33	68481
201	34	51580
201	35	87587
201	36	41840
201	37	311660
201	38	412083
201	39	799283
201	40	4
202	12	7038
202	13	16584
202	14	24921
202	15	74844
202	16	128115
202	17	23672
202	18	811
202	19	28
202	24	7442
202	25	8193
202	26	13683
202	27	58226
202	28	18682
202	29	21460
202	30	29591
202	31	21436
202	32	10642
202	33	70119
202	34	52234
202	35	89860
202	36	42763
202	37	311446
202	38	406535
202	39	775139
202	40	3
203	12	6724
203	13	16757
203	14	23977
203	15	74327
203	16	121279
203	17	19836
203	18	599
203	19	21
203	24	7678
203	25	8560
203	26	14475
203	27	58366
203	28	19350
203	29	21458
203	30	28576
203	31	21024
203	32	10862
203	33	68938
203	34	53754
203	35	89730
203	36	42272
203	37	313092
203	38	413894
203	39	779309
203	40	4
204	12	7190
204	13	17337
204	14	24332
204	15	77181
204	16	122138
204	17	18626
204	18	495
204	19	13
204	24	7955
204	25	8884
204	26	14810
204	27	59032
204	28	19860
204	29	21219
204	30	28177
204	31	19452
204	32	10806
204	33	68853
204	34	54301
204	35	90295
204	36	42258
204	37	311352
204	38	409760
204	39	777880
204	40	1
205	12	7099
205	13	17670
205	14	23756
205	15	77612
205	16	117653
205	17	16146
205	18	397
205	19	7
205	24	8104
205	25	9148
205	26	15336
205	27	58095
205	28	19744
205	29	19967
205	30	26486
205	31	17820
205	32	10854
205	33	69582
205	34	54956
205	35	89652
205	36	43330
205	37	310241
205	38	411378
205	39	787789
206	12	7713
206	13	19353
206	14	25763
206	15	86369
206	16	128643
206	17	16429
206	18	387
206	19	11
206	24	8433
206	25	9562
206	26	15398
206	27	61422
206	28	21200
206	29	20619
206	30	27164
206	31	17302
206	32	11153
206	33	72648
206	34	56189
206	35	91785
206	36	43560
206	37	308841
206	38	403463
206	39	754115
207	12	7707
207	13	19203
207	14	24763
207	15	84868
207	16	119431
207	17	13628
207	18	255
207	19	4
207	24	8800
207	25	10224
207	26	17072
207	27	61808
207	28	22622
207	29	21115
207	30	26754
207	31	16881
207	32	10963
207	33	69761
207	34	58053
207	35	92051
207	36	42269
207	37	311003
207	38	411437
207	39	758584
208	12	7450
208	13	18982
208	14	24027
208	15	83898
208	16	111831
208	17	11530
208	18	214
208	19	4
208	24	8935
208	25	10360
208	26	17279
208	27	59471
208	28	22032
208	29	19560
208	30	24580
208	31	15392
208	32	11307
208	33	69663
208	34	58782
208	35	90919
208	36	42817
208	37	310380
208	38	414681
208	39	775423
209	12	7701
209	13	19882
209	14	25034
209	15	89153
209	16	115341
209	17	10489
209	18	181
209	19	4
209	24	9222
209	25	10689
209	26	17473
209	27	59746
209	28	22244
209	29	19048
209	30	23437
209	31	14192
209	32	11252
209	33	71634
209	34	59807
209	35	91072
209	36	44152
209	37	309227
209	38	407679
209	39	767695
210	12	8571
210	13	22400
210	14	27016
210	15	101426
210	16	129142
210	17	10943
210	18	165
210	19	1
210	24	10029
210	25	12172
210	26	19685
210	27	67448
210	28	26842
210	29	22330
210	30	26074
210	31	15176
210	32	11449
210	33	73423
210	34	62814
210	35	96548
210	36	42407
210	37	308603
210	38	399900
210	39	704717
211	12	8048
211	13	20804
211	14	25596
211	15	94630
211	16	111848
211	17	8432
211	18	133
211	19	2
211	24	10314
211	25	12556
211	26	20879
211	27	65407
211	28	26961
211	29	22090
211	30	24437
211	31	14480
211	32	11494
211	33	70887
211	34	65196
211	35	95695
211	36	41824
211	37	311017
211	38	413579
211	39	727551
212	12	7901
212	13	20461
212	14	24852
212	15	94018
212	16	104232
212	17	6875
212	18	95
212	19	1
212	24	10468
212	25	12329
212	26	20197
212	27	60953
212	28	25069
212	29	19192
212	30	21315
212	31	12283
212	32	11616
212	33	70778
212	34	65660
212	35	93247
212	36	42601
212	37	309848
212	38	417036
212	39	753082
213	12	8090
213	13	21502
213	14	25681
213	15	99500
213	16	104708
213	17	6232
213	18	77
213	24	10534
213	25	12629
213	26	20226
213	27	59431
213	28	24688
213	29	18190
213	30	20066
213	31	11314
213	32	11566
213	33	73276
213	34	64915
213	35	91584
213	36	43915
213	37	306466
213	38	408955
213	39	757160
214	12	8789
214	13	23141
214	14	27542
214	15	109120
214	16	111868
214	17	5930
214	18	69
214	19	1
214	24	11189
214	25	13951
214	26	22001
214	27	63857
214	28	27483
214	29	19596
214	30	20819
214	31	11216
214	32	11636
214	33	75579
214	34	67645
214	35	94591
214	36	43364
214	37	305611
214	38	402432
214	39	718242
215	12	8766
215	13	23374
215	14	27433
215	15	110881
215	16	105506
215	17	4868
215	18	54
215	24	11795
215	25	14763
215	26	23449
215	27	64632
215	28	28683
215	29	19636
215	30	19748
215	31	11040
215	32	11828
215	33	75191
215	34	71062
215	35	95825
215	36	43248
215	37	309784
215	38	407902
215	39	706146
216	12	8752
216	13	23856
216	14	27849
216	15	112348
216	16	102229
216	17	4064
216	18	40
216	24	12464
216	25	15288
216	26	24768
216	27	64909
216	28	29140
216	29	19394
216	30	19026
216	31	10187
216	32	11626
216	33	74590
216	34	72251
216	35	95713
216	36	43307
216	37	306793
216	38	407498
216	39	707641
217	12	8474
217	13	22800
217	14	27013
217	15	108616
217	16	90665
217	17	3170
217	18	38
217	19	1
217	24	12646
217	25	15359
217	26	24902
217	27	61311
217	28	28834
217	29	18505
217	30	17421
217	31	9822
217	32	11939
217	33	73879
217	34	74834
217	35	95279
217	36	43393
217	37	309542
217	38	414634
217	39	722779
218	12	9771
218	13	26030
218	14	29683
218	15	126393
218	16	102499
218	17	3110
218	18	18
218	19	1
218	24	13450
218	25	17437
218	26	27714
218	27	67480
218	28	32667
218	29	20473
218	30	18290
218	31	9877
218	32	11933
218	33	76815
218	34	76555
218	35	98526
218	36	42443
218	37	305199
218	38	398537
218	39	671942
219	12	9198
219	13	25337
219	14	29590
219	15	124473
219	16	93711
219	17	2539
219	18	15
219	24	13686
219	25	17653
219	26	28658
219	27	65164
219	28	31878
219	29	18686
219	30	16269
219	31	9046
219	32	12190
219	33	77611
219	34	79046
219	35	97957
219	36	43535
219	37	307069
219	38	404967
219	39	679782
220	12	9379
220	13	25491
220	14	29704
220	15	126517
220	16	88892
220	17	2040
220	18	10
220	24	14265
220	25	18255
220	26	28837
220	27	62275
220	28	31308
220	29	17760
220	30	15133
220	31	8417
220	32	12094
220	33	78522
220	34	80267
220	35	96194
220	36	43925
220	37	305749
220	38	406033
220	39	685519
221	12	9087
221	13	24997
221	14	30062
221	15	126137
221	16	82031
221	17	1589
221	18	7
221	24	14451
221	25	18016
221	26	28987
221	27	59878
221	28	29805
221	29	16451
221	30	13613
221	31	7970
221	32	12148
221	33	79543
221	34	81178
221	35	93968
221	36	45012
221	37	306529
221	38	406393
221	39	697789
222	12	9872
222	13	27505
222	14	32312
222	15	140526
222	16	86391
222	17	1433
222	18	5
222	24	15221
222	25	19599
222	26	30558
222	27	62531
222	28	31534
222	29	16538
222	30	13408
222	31	7720
222	32	12344
222	33	82517
222	34	82881
222	35	94742
222	36	44927
222	37	303256
222	38	395669
222	39	667598
223	12	9487
223	13	26766
223	14	30845
223	15	136626
223	16	77015
223	17	1098
223	18	6
223	24	15730
223	25	20162
223	26	32397
223	27	61462
223	28	31935
223	29	16123
223	30	12647
223	31	7654
223	32	12565
223	33	80870
223	34	86237
223	35	95075
223	36	44388
223	37	305266
223	38	404735
223	39	671237
224	12	8862
224	13	24686
224	14	30511
224	15	127942
224	16	66123
224	17	783
224	18	4
224	24	15897
224	25	19917
224	26	32598
224	27	55989
224	28	30223
224	29	14546
224	30	11256
224	31	7204
224	32	12742
224	33	80263
224	34	88655
224	35	93356
224	36	44719
224	37	308424
224	38	415144
224	39	692103
225	12	9515
225	13	26575
225	14	32625
225	15	140689
225	16	68284
225	17	710
225	18	6
225	24	16500
225	25	21034
225	26	32295
225	27	55215
225	28	29494
225	29	13116
225	30	10756
225	31	6770
225	32	12600
225	33	84857
225	34	88070
225	35	90433
225	36	45786
225	37	307700
225	38	402759
225	39	679759
226	12	10277
226	13	28351
226	14	34641
226	15	155058
226	16	70554
226	17	571
226	18	3
226	24	17829
226	25	23257
226	26	36305
226	27	60138
226	28	33137
226	29	14457
226	30	11055
226	31	6900
226	32	12772
226	33	86256
226	34	92818
226	35	94935
226	36	44730
226	37	304661
226	38	396493
226	39	634336
227	12	9529
227	13	26859
227	14	33534
227	15	146759
227	16	60450
227	17	410
227	18	1
227	24	18198
227	25	23772
227	26	38242
227	27	57596
227	28	32559
227	29	13967
227	30	10027
227	31	6788
227	32	12833
227	33	85270
227	34	96420
227	35	93435
227	36	44845
227	37	307825
227	38	408047
227	39	644265
228	12	9589
228	13	26857
228	14	33646
228	15	148871
228	16	56547
228	17	301
228	18	2
228	24	18351
228	25	23358
228	26	36717
228	27	52925
228	28	29795
228	29	11885
228	30	9088
228	31	6354
228	32	12929
228	33	86561
228	34	94687
228	35	88895
228	36	45374
228	37	309065
228	38	407809
228	39	659150
229	12	9582
229	13	27337
229	14	34585
229	15	150650
229	16	52604
229	17	239
229	18	1
229	24	18789
229	25	23418
229	26	37212
229	27	50700
229	28	28961
229	29	10817
229	30	8786
229	31	6254
229	32	12882
229	33	88958
229	34	94603
229	35	86034
229	36	46674
229	37	310028
229	38	406104
229	39	660545
230	12	10301
230	13	28710
230	14	36869
230	15	160302
230	16	52067
230	17	219
230	24	19720
230	25	25129
230	26	39679
230	27	51723
230	28	29289
230	29	10888
230	30	8418
230	31	6040
230	32	12999
230	33	90590
230	34	98532
230	35	87080
230	36	47114
230	37	309148
230	38	402299
230	39	633658
231	12	10228
231	13	28159
231	14	36554
231	15	159054
231	16	47050
231	17	173
231	18	1
231	24	20474
231	25	25796
231	26	41518
231	27	50902
231	28	29156
231	29	10205
231	30	8183
231	31	5958
231	32	13213
231	33	91370
231	34	101247
231	35	85083
231	36	46526
231	37	311715
231	38	404283
231	39	631925
232	12	9848
232	13	27882
232	14	36981
232	15	160218
232	16	43342
232	17	114
232	24	21644
232	25	26439
232	26	43261
232	27	49069
232	28	28766
232	29	9670
232	30	7698
232	31	6090
232	32	13578
232	33	92175
232	34	103936
232	35	84364
232	36	46543
232	37	312715
232	38	407708
232	39	624512
233	12	9934
233	13	27735
233	14	37529
233	15	161315
233	16	39333
233	17	91
233	18	2
233	24	22039
233	25	26672
233	26	42492
233	27	46127
233	28	27444
233	29	8509
233	30	7530
233	31	5986
233	32	13205
233	33	94833
233	34	103225
233	35	80706
233	36	47299
233	37	316550
233	38	408151
233	39	626305
234	12	10680
234	13	29298
234	14	40322
234	15	175150
234	16	39729
234	17	75
234	24	23007
234	25	28501
234	26	45133
234	27	46685
234	28	28025
234	29	8423
234	30	7558
234	31	5973
234	32	13829
234	33	97184
234	34	107154
234	35	80586
234	36	47456
234	37	314954
234	38	400245
234	39	597126
235	12	10512
235	13	29205
235	14	40205
235	15	174070
235	16	35235
235	17	68
235	24	24436
235	25	29506
235	26	47613
235	27	45985
235	28	28469
235	29	8145
235	30	7339
235	31	5960
235	32	13895
235	33	97796
235	34	110131
235	35	79688
235	36	47318
235	37	317941
235	38	403691
235	39	587209
236	12	10464
236	13	29255
236	14	40879
236	15	176049
236	16	32359
236	17	36
236	24	25093
236	25	29789
236	26	48376
236	27	43843
236	28	27024
236	29	7215
236	30	7087
236	31	5814
236	32	14219
236	33	100026
236	34	111224
236	35	77388
236	36	46943
236	37	318984
236	38	404643
236	39	583424
237	12	10268
237	13	27974
237	14	40452
237	15	170159
237	16	27878
237	17	29
237	24	25900
237	25	29725
237	26	49621
237	27	41616
237	28	25725
237	29	6568
237	30	7272
237	31	5938
237	32	14198
237	33	101059
237	34	114020
237	35	75399
237	36	47330
237	37	327344
237	38	410980
237	39	579127
238	12	11559
238	13	31459
238	14	44922
238	15	194404
238	16	29435
238	17	21
238	24	28287
238	25	33385
238	26	55919
238	27	45077
238	28	28944
238	29	6982
238	30	7227
238	31	5932
238	32	14625
238	33	105315
238	34	119418
238	35	77430
238	36	45887
238	37	320796
238	38	395204
238	39	526880
239	12	11080
239	13	30016
239	14	43543
239	15	185904
239	16	24661
239	17	13
239	24	29611
239	25	33773
239	26	56468
239	27	42327
239	28	27007
239	29	6242
239	30	6965
239	31	5754
239	32	14745
239	33	105480
239	34	120658
239	35	74173
239	36	46128
239	37	327385
239	38	402721
239	39	533561
240	12	10535
240	13	28324
240	14	42153
240	15	173531
240	16	20756
240	17	12
240	24	29511
240	25	32753
240	26	56804
240	27	38559
240	28	25179
240	29	5336
240	30	6834
240	31	5779
240	32	14883
240	33	105933
240	34	123595
240	35	71072
240	36	45961
240	37	335485
240	38	413786
240	39	540603
241	12	10561
241	13	28484
241	14	43741
241	15	177460
241	16	18643
241	17	5
241	24	29362
241	25	31752
241	26	53519
241	27	35165
241	28	22052
241	29	4404
241	30	6828
241	31	5981
241	32	14784
241	33	109316
241	34	120248
241	35	65954
241	36	47631
241	37	340974
241	38	412711
241	39	541154
242	12	11681
242	13	31029
242	14	47652
242	15	198341
242	16	18885
242	17	6
242	24	32088
242	25	34955
242	26	59669
242	27	36985
242	28	24022
242	29	4430
242	30	7159
242	31	5792
242	32	14970
242	33	113440
242	34	123271
242	35	65531
242	36	46911
242	37	335665
242	38	398382
242	39	500315
243	12	11612
243	13	30610
243	14	48202
243	15	196350
243	16	16533
243	17	3
243	24	34353
243	25	36520
243	26	65578
243	27	37226
243	28	24663
243	29	4427
243	30	6982
243	31	5925
243	32	15366
243	33	114179
243	34	130316
243	35	65835
243	36	45236
243	37	339046
243	38	401230
243	39	476982
244	12	10964
244	13	29212
244	14	47048
244	15	185048
244	16	13442
244	17	3
244	24	34987
244	25	35714
244	26	65858
244	27	33957
244	28	23199
244	29	3824
244	30	6875
244	31	6110
244	32	15660
244	33	115431
244	34	132264
244	35	62699
244	36	45754
244	37	347689
244	38	409619
244	39	480537
245	12	11070
245	13	29082
245	14	48134
245	15	186079
245	16	11927
245	17	3
245	24	34710
245	25	34461
245	26	62120
245	27	30151
245	28	20031
245	29	2993
245	30	7363
245	31	6087
245	32	15559
245	33	119844
245	34	126593
245	35	57367
245	36	47006
245	37	355774
245	38	410949
245	39	482049
246	12	11766
246	13	30643
246	14	50501
246	15	199718
246	16	11506
246	17	4
246	24	36963
246	25	36441
246	26	64919
246	27	29683
246	28	20122
246	29	2793
246	30	7428
246	31	5759
246	32	15965
246	33	122754
246	34	128484
246	35	55594
246	36	46860
246	37	354230
246	38	400438
246	39	455068
247	12	11518
247	13	30242
247	14	50534
247	15	195635
247	16	9639
247	17	3
247	24	38512
247	25	36571
247	26	67822
247	27	28985
247	28	19450
247	29	2575
247	30	7360
247	31	5896
247	32	15927
247	33	124472
247	34	130953
247	35	53155
247	36	46399
247	37	360242
247	38	402565
247	39	443071
248	12	11372
248	13	29422
248	14	50595
248	15	191882
248	16	7974
248	17	2
248	24	39822
248	25	36637
248	26	69594
248	27	27712
248	28	18474
248	29	2283
248	30	7238
248	31	6100
248	32	16203
248	33	125960
248	34	133934
248	35	50689
248	36	46103
248	37	367374
248	38	405624
248	39	431412
249	12	13982
249	13	52353
249	14	79267
249	15	379076
249	16	15206
249	17	4
249	24	59234
249	25	65294
249	26	115854
249	27	50477
249	28	34462
249	29	3491
249	30	8299
249	31	6620
249	32	17087
249	33	136794
249	34	163664
249	35	65942
249	36	30314
249	37	272501
249	38	260347
249	39	202361
