position	quality	count
0	16	16613
0	18	880
0	29	729
0	30	58
0	31	15
0	32	1420
0	33	903
0	34	281
0	35	12
0	36	1
1	16	14684
1	18	498
1	29	398
1	30	49
1	31	10
1	32	301
1	33	152
1	34	50
1	35	2
2	0	1
2	16	18712
2	18	2412
2	29	1843
2	30	265
2	31	63
2	32	1767
2	33	263
2	34	53
3	16	12394
3	18	281
3	29	280
3	30	41
3	31	13
3	32	236
3	33	144
3	34	54
3	35	2
4	16	14138
4	18	335
4	29	283
4	30	46
4	31	7
4	32	218
4	33	148
4	34	49
5	0	1
5	12	13
5	13	21
5	14	196
5	15	382
5	16	11664
5	17	1039
5	18	10009
5	19	246
5	20	325
5	24	4
5	25	3
5	26	1
5	27	15
5	28	1
5	29	98
5	30	17
5	31	290
5	32	112
5	33	294
5	34	26
5	35	90
5	36	9
5	37	277
5	38	8
5	39	9
6	0	1
6	12	10
6	13	17
6	14	180
6	15	403
6	16	11882
6	17	1012
6	18	9845
6	19	238
6	20	295
6	24	3
6	25	5
6	26	2
6	27	12
6	28	2
6	29	145
6	30	16
6	31	286
6	32	94
6	33	325
6	34	33
6	35	125
6	36	3
6	37	287
6	38	6
6	39	6
7	12	16
7	13	14
7	14	189
7	15	405
7	16	11434
7	17	1015
7	18	10219
7	19	200
7	20	289
7	24	3
7	25	3
7	26	3
7	27	14
7	28	4
7	29	100
7	30	25
7	31	270
7	32	108
7	33	346
7	34	29
7	35	108
7	36	8
7	37	269
7	38	6
7	39	3
8	0	2
8	12	20
8	13	17
8	14	192
8	15	472
8	16	10508
8	17	1041
8	18	9312
8	19	157
8	20	217
8	24	1
8	25	5
8	26	2
8	27	16
8	28	4
8	29	118
8	30	17
8	31	246
8	32	104
8	33	300
8	34	22
8	35	119
8	36	11
8	37	213
8	38	9
8	39	7
9	12	16
9	13	14
9	14	214
9	15	502
9	16	9822
9	17	969
9	18	8607
9	19	159
9	20	243
9	21	1
9	24	5
9	25	3
9	26	1
9	27	18
9	28	2
9	29	111
9	30	11
9	31	246
9	32	115
9	33	272
9	34	18
9	35	110
9	36	4
9	37	217
9	38	9
9	39	4
10	12	26
10	13	21
10	14	272
10	15	644
10	16	11014
10	17	1327
10	18	8892
10	19	162
10	20	190
10	24	3
10	25	2
10	26	3
10	27	13
10	28	5
10	29	104
10	30	18
10	31	208
10	32	126
10	33	271
10	34	23
10	35	103
10	36	10
10	37	186
10	38	9
11	12	36
11	13	22
11	14	344
11	15	750
11	16	12248
11	17	1486
11	18	10763
11	19	167
11	20	264
11	24	9
11	25	3
11	26	4
11	27	10
11	28	3
11	29	120
11	30	15
11	31	235
11	32	137
11	33	362
11	34	28
11	35	94
11	36	8
11	37	187
11	38	7
11	39	5
12	12	16
12	13	20
12	14	322
12	15	690
12	16	9566
12	17	1355
12	18	8397
12	19	116
12	20	117
12	21	40
12	24	4
12	25	3
12	26	3
12	27	29
12	29	24
12	30	8
12	31	24
12	32	350
12	33	223
12	34	17
12	35	56
12	36	26
12	37	80
12	38	178
12	39	4
13	12	25
13	13	23
13	14	326
13	15	813
13	16	10971
13	17	1409
13	18	9531
13	19	123
13	20	130
13	21	46
13	24	2
13	25	4
13	26	2
13	27	15
13	28	1
13	29	17
13	30	16
13	31	23
13	32	408
13	33	285
13	34	20
13	35	61
13	36	19
13	37	71
13	38	150
13	39	3
14	12	30
14	13	28
14	14	332
14	15	852
14	16	11108
14	17	1439
14	18	9695
14	19	175
14	20	152
14	21	48
14	24	4
14	25	2
14	26	1
14	27	17
14	28	4
14	29	21
14	30	14
14	31	26
14	32	398
14	33	266
14	34	21
14	35	54
14	36	35
14	37	96
14	38	151
14	39	4
15	0	37
15	12	30
15	13	32
15	14	395
15	15	1135
15	16	13406
15	17	1864
15	18	11772
15	19	581
15	20	937
15	21	587
15	24	7
15	25	3
15	26	4
15	27	25
15	28	6
15	29	23
15	30	27
15	31	33
15	32	1030
15	33	1465
15	34	138
15	35	268
15	36	226
15	37	960
15	38	1023
15	39	5
16	12	24
16	13	23
16	14	376
16	15	1020
16	16	9888
16	17	1574
16	18	8489
16	19	86
16	20	90
16	21	25
16	24	3
16	25	2
16	26	3
16	27	21
16	28	1
16	29	30
16	30	9
16	31	27
16	32	380
16	33	231
16	34	22
16	35	51
16	36	39
16	37	85
16	38	136
16	39	4
17	12	25
17	13	26
17	14	446
17	15	1315
17	16	10827
17	17	1800
17	18	9550
17	19	152
17	20	128
17	21	46
17	24	7
17	25	3
17	26	2
17	27	15
17	28	3
17	29	34
17	30	17
17	31	23
17	32	437
17	33	261
17	34	18
17	35	59
17	36	35
17	37	87
17	38	136
17	39	4
18	12	25
18	13	25
18	14	427
18	15	1405
18	16	11040
18	17	1752
18	18	10532
18	19	119
18	20	141
18	21	39
18	24	4
18	25	4
18	26	3
18	27	22
18	28	3
18	29	35
18	30	9
18	31	27
18	32	472
18	33	314
18	34	20
18	35	81
18	36	40
18	37	84
18	38	132
18	39	2
19	12	26
19	13	26
19	14	451
19	15	1507
19	16	10253
19	17	1842
19	18	9031
19	19	115
19	20	123
19	21	64
19	24	5
19	25	4
19	26	3
19	27	33
19	28	3
19	29	28
19	30	14
19	31	33
19	32	420
19	33	261
19	34	22
19	35	60
19	36	31
19	37	72
19	38	134
19	39	5
20	12	38
20	13	25
20	14	480
20	15	1847
20	16	9968
20	17	2089
20	18	8541
20	19	123
20	20	118
20	21	41
20	24	6
20	25	4
20	26	7
20	27	23
20	28	4
20	29	31
20	30	18
20	31	22
20	32	419
20	33	269
20	34	29
20	35	67
20	36	40
20	37	77
20	38	127
20	39	7
21	12	21
21	13	29
21	14	468
21	15	2040
21	16	9916
21	17	2084
21	18	8640
21	19	123
21	20	99
21	21	23
21	24	4
21	25	4
21	26	1
21	27	23
21	28	7
21	29	33
21	30	8
21	31	26
21	32	387
21	33	231
21	34	15
21	35	62
21	36	36
21	37	81
21	38	131
21	39	4
22	12	37
22	13	31
22	14	495
22	15	2240
22	16	9348
22	17	2104
22	18	8678
22	19	112
22	20	139
22	21	43
22	24	3
22	25	4
22	26	5
22	27	24
22	28	4
22	29	29
22	30	14
22	31	32
22	32	383
22	33	261
22	34	17
22	35	111
22	36	39
22	37	88
22	38	60
22	39	89
23	12	32
23	13	36
23	14	553
23	15	2776
23	16	10289
23	17	2287
23	18	9606
23	19	139
23	20	158
23	21	55
23	24	10
23	25	4
23	26	9
23	27	23
23	28	5
23	29	35
23	30	16
23	31	33
23	32	450
23	33	242
23	34	26
23	35	110
23	36	35
23	37	69
23	38	57
23	39	80
24	12	33
24	13	40
24	14	513
24	15	2671
24	16	8024
24	17	2244
24	18	7732
24	19	97
24	20	106
24	21	31
24	24	4
24	25	5
24	26	8
24	27	30
24	28	4
24	29	39
24	30	8
24	31	34
24	32	355
24	33	218
24	34	23
24	35	83
24	36	21
24	37	78
24	38	46
24	39	75
25	12	37
25	13	34
25	14	505
25	15	3185
25	16	8411
25	17	2454
25	18	8719
25	19	240
25	20	285
25	21	109
25	24	8
25	25	3
25	26	5
25	27	19
25	28	8
25	29	42
25	30	7
25	31	36
25	32	410
25	33	255
25	34	18
25	35	116
25	36	21
25	37	74
25	38	35
25	39	72
26	12	33
26	13	38
26	14	541
26	15	3355
26	16	7549
26	17	2425
26	18	7578
26	19	211
26	20	240
26	21	81
26	24	3
26	25	9
26	26	2
26	27	22
26	28	3
26	29	30
26	30	11
26	31	29
26	32	347
26	33	222
26	34	15
26	35	98
26	36	22
26	37	68
26	38	63
26	39	88
27	12	35
27	13	37
27	14	594
27	15	3592
27	16	7504
27	17	2577
27	18	7552
27	19	222
27	20	290
27	21	99
27	24	8
27	25	2
27	26	5
27	27	19
27	28	5
27	29	37
27	30	13
27	31	32
27	32	386
27	33	219
27	34	15
27	35	111
27	36	23
27	37	56
27	38	61
27	39	56
28	12	25
28	13	42
28	14	600
28	15	3890
28	16	7444
28	17	2632
28	18	7949
28	19	244
28	20	308
28	21	107
28	24	5
28	25	4
28	26	5
28	27	18
28	28	6
28	29	23
28	30	23
28	31	34
28	32	388
28	33	208
28	34	16
28	35	107
28	36	38
28	37	60
28	38	39
28	39	60
29	12	28
29	13	31
29	14	641
29	15	4046
29	16	7361
29	17	2890
29	18	7659
29	19	225
29	20	270
29	21	85
29	24	4
29	26	8
29	27	30
29	28	5
29	29	38
29	30	23
29	31	43
29	32	374
29	33	252
29	34	15
29	35	90
29	36	28
29	37	66
29	38	41
29	39	68
30	12	24
30	13	30
30	14	653
30	15	4097
30	16	7447
30	17	3191
30	18	7378
30	19	229
30	20	302
30	21	90
30	24	5
30	25	3
30	26	6
30	27	21
30	28	4
30	29	44
30	30	19
30	31	41
30	32	396
30	33	222
30	34	18
30	35	98
30	36	30
30	37	78
30	38	51
30	39	73
31	12	29
31	13	35
31	14	634
31	15	4077
31	16	7353
31	17	3399
31	18	7241
31	19	223
31	20	309
31	21	103
31	24	8
31	25	7
31	26	12
31	27	29
31	28	4
31	29	30
31	30	13
31	31	28
31	32	417
31	33	236
31	34	16
31	35	119
31	36	28
31	37	54
31	38	40
31	39	69
32	12	34
32	13	30
32	14	738
32	15	3894
32	16	7301
32	17	3362
32	18	6497
32	19	200
32	20	297
32	21	73
32	24	7
32	25	2
32	26	6
32	27	27
32	28	3
32	29	40
32	30	13
32	31	42
32	32	391
32	33	203
32	34	16
32	35	106
32	36	20
32	37	74
32	38	59
32	39	72
33	12	35
33	13	37
33	14	737
33	15	3929
33	16	7577
33	17	3646
33	18	6817
33	19	209
33	20	368
33	21	86
33	24	8
33	26	7
33	27	23
33	28	3
33	29	36
33	30	16
33	31	34
33	32	396
33	33	206
33	34	24
33	35	124
33	36	19
33	37	79
33	38	49
33	39	87
34	12	26
34	13	46
34	14	741
34	15	3918
34	16	7646
34	17	3889
34	18	6609
34	19	214
34	20	347
34	21	94
34	24	6
34	25	6
34	26	6
34	27	22
34	28	6
34	29	46
34	30	15
34	31	45
34	32	418
34	33	180
34	34	23
34	35	104
34	36	27
34	37	65
34	38	47
34	39	53
35	12	35
35	13	36
35	14	844
35	15	3986
35	16	8138
35	17	4453
35	18	6489
35	19	221
35	20	357
35	21	104
35	24	5
35	25	6
35	26	2
35	27	24
35	28	4
35	29	29
35	30	16
35	31	37
35	32	420
35	33	237
35	34	22
35	35	125
35	36	26
35	37	68
35	38	43
35	39	89
36	12	40
36	13	30
36	14	805
36	15	3443
36	16	7031
36	17	4232
36	18	4770
36	19	133
36	20	262
36	21	83
36	24	5
36	25	2
36	26	9
36	27	27
36	28	5
36	29	37
36	30	15
36	31	48
36	32	337
36	33	192
36	34	10
36	35	88
36	36	28
36	37	65
36	38	35
36	39	65
37	12	29
37	13	42
37	14	863
37	15	4369
37	16	8254
37	17	5328
37	18	5754
37	19	227
37	20	405
37	21	84
37	24	7
37	25	4
37	26	6
37	27	25
37	28	3
37	29	47
37	30	8
37	31	39
37	32	420
37	33	266
37	34	12
37	35	106
37	36	24
37	37	70
37	38	41
37	39	47
38	12	30
38	13	42
38	14	944
38	15	3787
38	16	7750
38	17	5387
38	18	4708
38	19	152
38	20	359
38	21	65
38	24	10
38	25	3
38	26	6
38	27	31
38	28	2
38	29	32
38	30	22
38	31	51
38	32	386
38	33	209
38	34	24
38	35	97
38	36	36
38	37	63
38	38	57
38	39	64
39	12	27
39	13	37
39	14	1057
39	15	4162
39	16	8847
39	17	6726
39	18	5152
39	19	142
39	20	548
39	21	102
39	24	3
39	25	8
39	26	8
39	27	27
39	28	4
39	29	30
39	30	24
39	31	47
39	32	468
39	33	253
39	34	13
39	35	149
39	36	21
39	37	71
39	38	44
39	39	77
40	12	46
40	13	44
40	14	955
40	15	3215
40	16	6935
40	17	5700
40	18	2928
40	19	76
40	20	261
40	21	49
40	24	8
40	25	9
40	26	1
40	27	16
40	28	1
40	29	41
40	30	16
40	31	41
40	32	327
40	33	165
40	34	17
40	35	80
40	36	12
40	37	70
40	38	50
40	39	54
41	12	45
41	13	42
41	14	1073
41	15	3401
41	16	7599
41	17	6755
41	18	2804
41	19	74
41	20	307
41	21	45
41	24	3
41	25	3
41	26	10
41	27	27
41	28	7
41	29	51
41	30	12
41	31	35
41	32	380
41	33	235
41	34	16
41	35	107
41	36	31
41	37	73
41	38	43
41	39	75
42	12	35
42	13	48
42	14	1144
42	15	3222
42	16	7716
42	17	7630
42	18	2261
42	19	58
42	20	367
42	21	46
42	24	8
42	25	1
42	26	10
42	27	33
42	28	2
42	29	48
42	30	10
42	31	48
42	32	393
42	33	215
42	34	19
42	35	103
42	36	26
42	37	79
42	38	44
42	39	69
43	12	48
43	13	33
43	14	1144
43	15	3108
43	16	7426
43	17	7531
43	18	1489
43	19	45
43	20	343
43	21	41
43	24	3
43	25	3
43	26	9
43	27	26
43	28	4
43	29	34
43	30	17
43	31	40
43	32	365
43	33	189
43	34	11
43	35	89
43	36	26
43	37	57
43	38	42
43	39	55
44	12	40
44	13	38
44	14	1232
44	15	3039
44	16	7314
44	17	7827
44	18	956
44	19	22
44	20	319
44	21	24
44	24	6
44	25	6
44	26	4
44	27	32
44	28	2
44	29	44
44	30	20
44	31	30
44	32	339
44	33	189
44	34	7
44	35	99
44	36	32
44	37	67
44	38	36
44	39	69
45	12	41
45	13	41
45	14	1370
45	15	3259
45	16	7936
45	17	8957
45	18	757
45	19	17
45	20	392
45	21	26
45	24	8
45	25	4
45	26	9
45	27	33
45	28	3
45	29	44
45	30	10
45	31	51
45	32	395
45	33	244
45	34	16
45	35	115
45	36	40
45	37	69
45	38	37
45	39	66
46	12	38
46	13	40
46	14	1460
46	15	3402
46	16	8657
46	17	10198
46	18	627
46	19	10
46	20	563
46	21	28
46	24	9
46	25	7
46	26	6
46	27	34
46	28	4
46	29	38
46	30	15
46	31	53
46	32	433
46	33	258
46	34	10
46	35	110
46	36	30
46	37	68
46	38	39
46	39	65
47	12	49
47	13	42
47	14	1531
47	15	3065
47	16	7921
47	17	9204
47	18	428
47	19	9
47	20	436
47	21	19
47	24	5
47	25	4
47	26	5
47	27	31
47	28	5
47	29	36
47	30	19
47	31	45
47	32	396
47	33	217
47	34	8
47	35	99
47	36	23
47	37	66
47	38	47
47	39	65
48	12	32
48	13	51
48	14	1509
48	15	2781
48	16	7544
48	17	8349
48	18	363
48	19	11
48	20	401
48	21	16
48	24	10
48	25	8
48	26	3
48	27	24
48	28	4
48	29	48
48	30	16
48	31	43
48	32	363
48	33	195
48	34	10
48	35	101
48	36	30
48	37	58
48	38	37
48	39	63
48	40	1
49	12	28
49	13	43
49	14	1784
49	15	3014
49	16	8357
49	17	10054
49	18	368
49	19	5
49	20	505
49	21	20
49	24	2
49	25	11
49	26	8
49	27	32
49	28	4
49	29	40
49	30	12
49	31	44
49	32	366
49	33	247
49	34	8
49	35	119
49	36	33
49	37	72
49	38	32
49	39	66
50	12	47
50	13	51
50	14	1969
50	15	3030
50	16	8864
50	17	10463
50	18	439
50	19	3
50	20	646
50	21	13
50	24	7
50	25	8
50	26	3
50	27	32
50	28	7
50	29	43
50	30	17
50	31	45
50	32	417
50	33	255
50	34	9
50	35	121
50	36	38
50	37	66
50	38	38
50	39	54
51	12	41
51	13	45
51	14	1927
51	15	2554
51	16	8110
51	17	9461
51	18	354
51	19	5
51	20	594
51	21	7
51	24	5
51	25	3
51	26	4
51	27	35
51	28	2
51	29	59
51	30	20
51	31	49
51	32	382
51	33	216
51	34	8
51	35	105
51	36	37
51	37	65
51	38	46
51	39	71
52	12	44
52	13	35
52	14	1948
52	15	2586
52	16	8085
52	17	9619
52	18	398
52	19	8
52	20	614
52	21	2
52	24	3
52	25	4
52	26	8
52	27	29
52	28	12
52	29	43
52	30	13
52	31	54
52	32	372
52	33	228
52	34	13
52	35	115
52	36	36
52	37	73
52	38	37
52	39	61
53	12	42
53	13	49
53	14	2353
53	15	2832
53	16	9166
53	17	11201
53	18	449
53	19	7
53	20	762
53	24	7
53	25	4
53	26	8
53	27	34
53	28	5
53	29	42
53	30	26
53	31	54
53	32	462
53	33	270
53	34	15
53	35	132
53	36	42
53	37	81
53	38	39
53	39	57
54	12	48
54	13	41
54	14	2346
54	15	2562
54	16	8876
54	17	11069
54	18	482
54	19	7
54	20	810
54	24	8
54	25	7
54	26	5
54	27	26
54	28	5
54	29	50
54	30	17
54	31	60
54	32	431
54	33	290
54	34	8
54	35	128
54	36	35
54	37	80
54	38	48
54	39	61
55	12	55
55	13	33
55	14	2161
55	15	2248
55	16	7919
55	17	9378
55	18	399
55	19	10
55	20	613
55	24	8
55	25	3
55	26	7
55	27	29
55	28	5
55	29	42
55	30	29
55	31	49
55	32	374
55	33	226
55	34	11
55	35	99
55	36	25
55	37	61
55	38	47
55	39	68
56	12	54
56	13	50
56	14	2283
56	15	2296
56	16	7809
56	17	9440
56	18	418
56	19	5
56	20	641
56	24	6
56	25	1
56	26	3
56	27	36
56	28	6
56	29	56
56	30	18
56	31	52
56	32	397
56	33	249
56	34	7
56	35	89
56	36	31
56	37	86
56	38	49
56	39	86
57	12	44
57	13	39
57	14	2518
57	15	2371
57	16	8611
57	17	10443
57	18	395
57	19	136
57	20	771
57	24	6
57	25	6
57	26	6
57	27	30
57	28	2
57	29	44
57	30	21
57	31	50
57	32	401
57	33	280
57	34	16
57	35	140
57	36	27
57	37	73
57	38	28
57	39	67
58	12	36
58	13	36
58	14	2333
58	15	2225
58	16	8185
58	17	9668
58	18	339
58	19	129
58	20	679
58	24	3
58	25	6
58	26	3
58	27	43
58	28	7
58	29	49
58	30	23
58	31	52
58	32	411
58	33	239
58	34	11
58	35	118
58	36	40
58	37	79
58	38	40
58	39	64
58	40	2
59	12	49
59	13	57
59	14	2481
59	15	2260
59	16	8288
59	17	9825
59	18	344
59	19	141
59	20	699
59	24	10
59	25	3
59	26	3
59	27	30
59	28	6
59	29	51
59	30	34
59	31	54
59	32	422
59	33	254
59	34	16
59	35	112
59	36	29
59	37	63
59	38	39
59	39	64
59	40	1
60	12	50
60	13	50
60	14	2358
60	15	2190
60	16	7653
60	17	9099
60	18	307
60	19	143
60	20	671
60	24	7
60	25	5
60	26	4
60	27	27
60	28	7
60	29	55
60	30	25
60	31	53
60	32	342
60	33	247
60	34	13
60	35	134
60	36	38
60	37	75
60	38	54
60	39	57
61	12	43
61	13	57
61	14	2635
61	15	2454
61	16	8956
61	17	10714
61	18	350
61	19	178
61	20	802
61	24	6
61	25	7
61	26	3
61	27	36
61	28	2
61	29	57
61	30	27
61	31	66
61	32	491
61	33	312
61	34	16
61	35	140
61	36	43
61	37	93
61	38	37
61	39	59
61	40	2
62	12	63
62	13	52
62	14	2734
62	15	2377
62	16	9184
62	17	11099
62	18	443
62	19	184
62	20	993
62	24	3
62	25	7
62	26	9
62	27	40
62	28	6
62	29	62
62	30	36
62	31	74
62	32	489
62	33	310
62	34	15
62	35	146
62	36	37
62	37	70
62	38	43
62	39	67
63	12	56
63	13	40
63	14	2339
63	15	2116
63	16	7742
63	17	9230
63	18	292
63	19	168
63	20	603
63	24	8
63	25	3
63	26	7
63	27	48
63	28	5
63	29	54
63	30	30
63	31	63
63	32	343
63	33	226
63	34	13
63	35	110
63	36	41
63	37	74
63	38	27
63	39	60
64	12	73
64	13	57
64	14	2366
64	15	2087
64	16	7841
64	17	9661
64	18	320
64	19	200
64	20	654
64	24	13
64	25	2
64	26	4
64	27	43
64	28	3
64	29	55
64	30	39
64	31	76
64	32	339
64	33	227
64	34	15
64	35	101
64	36	36
64	37	61
64	38	39
64	39	79
64	40	1
65	12	70
65	13	50
65	14	2923
65	15	2545
65	16	9490
65	17	11368
65	18	445
65	19	223
65	20	946
65	24	1
65	25	3
65	26	2
65	27	44
65	28	8
65	29	66
65	30	32
65	31	93
65	32	491
65	33	327
65	34	9
65	35	130
65	36	46
65	37	83
65	38	56
65	39	67
66	12	75
66	13	56
66	14	2549
66	15	2276
66	16	8530
66	17	10509
66	18	405
66	19	210
66	20	815
66	24	6
66	25	5
66	26	5
66	27	36
66	28	5
66	29	68
66	30	34
66	31	86
66	32	409
66	33	280
66	34	8
66	35	112
66	36	39
66	37	75
66	38	42
66	39	57
67	12	72
67	13	50
67	14	2430
67	15	2206
67	16	8137
67	17	9592
67	18	380
67	19	202
67	20	722
67	24	8
67	25	3
67	26	6
67	27	30
67	28	6
67	29	67
67	30	19
67	31	72
67	32	380
67	33	269
67	34	11
67	35	98
67	36	26
67	37	79
67	38	52
67	39	55
68	12	72
68	13	52
68	14	2264
68	15	2064
68	16	7469
68	17	8838
68	18	299
68	19	195
68	20	628
68	24	5
68	25	3
68	26	7
68	27	44
68	28	4
68	29	65
68	30	32
68	31	72
68	32	316
68	33	215
68	34	12
68	35	113
68	36	36
68	37	87
68	38	55
68	39	53
69	12	85
69	13	52
69	14	3031
69	15	2693
69	16	10025
69	17	12207
69	18	526
69	19	241
69	20	1082
69	24	5
69	25	3
69	26	4
69	27	49
69	28	8
69	29	65
69	30	32
69	31	102
69	32	587
69	33	344
69	34	11
69	35	182
69	36	39
69	37	103
69	38	45
69	39	68
70	12	74
70	13	52
70	14	2692
70	15	2432
70	16	8884
70	17	10614
70	18	398
70	19	240
70	20	845
70	24	8
70	25	5
70	26	12
70	27	41
70	28	5
70	29	68
70	30	28
70	31	89
70	32	399
70	33	299
70	34	6
70	35	128
70	36	41
70	37	74
70	38	52
70	39	75
70	40	1
71	12	80
71	13	59
71	14	2499
71	15	2224
71	16	7949
71	17	9419
71	18	354
71	19	237
71	20	632
71	24	8
71	25	4
71	26	5
71	27	47
71	28	6
71	29	82
71	30	38
71	31	81
71	32	322
71	33	237
71	34	13
71	35	115
71	36	32
71	37	68
71	38	43
71	39	72
72	12	92
72	13	53
72	14	2344
72	15	2218
72	16	7567
72	17	9009
72	18	330
72	19	220
72	20	602
72	24	2
72	25	8
72	26	6
72	27	45
72	28	5
72	29	84
72	30	33
72	31	94
72	32	331
72	33	247
72	34	11
72	35	108
72	36	25
72	37	64
72	38	45
72	39	70
73	12	70
73	13	67
73	14	2784
73	15	2379
73	16	9040
73	17	11033
73	18	452
73	19	239
73	20	893
73	24	7
73	25	7
73	26	2
73	27	50
73	28	11
73	29	68
73	30	33
73	31	106
73	32	404
73	33	301
73	34	17
73	35	125
73	36	46
73	37	68
73	38	24
73	39	58
74	12	93
74	13	69
74	14	2452
74	15	2270
74	16	8307
74	17	10033
74	18	404
74	19	263
74	20	756
74	24	5
74	25	8
74	26	9
74	27	46
74	28	8
74	29	66
74	30	40
74	31	108
74	32	356
74	33	298
74	34	9
74	35	118
74	36	42
74	37	73
74	38	44
74	39	70
75	12	88
75	13	54
75	14	2415
75	15	2236
75	16	7805
75	17	9159
75	18	361
75	19	234
75	20	663
75	24	8
75	25	8
75	26	8
75	27	47
75	28	6
75	29	83
75	30	35
75	31	107
75	32	340
75	33	263
75	34	15
75	35	94
75	36	38
75	37	77
75	38	41
75	39	75
76	12	86
76	13	58
76	14	2396
76	15	2169
76	16	7708
76	17	8912
76	18	357
76	19	271
76	20	662
76	24	5
76	25	15
76	26	5
76	27	37
76	28	8
76	29	65
76	30	40
76	31	91
76	32	296
76	33	244
76	34	12
76	35	102
76	36	40
76	37	75
76	38	41
76	39	59
77	12	88
77	13	68
77	14	2706
77	15	2555
77	16	9027
77	17	10928
77	18	449
77	19	282
77	20	869
77	24	9
77	25	7
77	26	8
77	27	32
77	28	8
77	29	77
77	30	47
77	31	106
77	32	354
77	33	305
77	34	14
77	35	132
77	36	45
77	37	87
77	38	49
77	39	54
78	12	87
78	13	87
78	14	2453
78	15	2380
78	16	8335
78	17	9624
78	18	410
78	19	274
78	20	746
78	24	6
78	25	9
78	26	11
78	27	44
78	28	5
78	29	98
78	30	29
78	31	104
78	32	352
78	33	262
78	34	9
78	35	107
78	36	35
78	37	96
78	38	53
78	39	68
79	12	109
79	13	70
79	14	2488
79	15	2213
79	16	7607
79	17	9118
79	18	341
79	19	293
79	20	683
79	24	9
79	25	7
79	26	4
79	27	47
79	28	4
79	29	52
79	30	35
79	31	100
79	32	277
79	33	254
79	34	19
79	35	92
79	36	29
79	37	78
79	38	47
79	39	61
80	12	108
80	13	77
80	14	2591
80	15	2264
80	16	8152
80	17	9393
80	18	400
80	19	298
80	20	713
80	24	4
80	25	4
80	26	3
80	27	55
80	28	5
80	29	95
80	30	42
80	31	121
80	32	290
80	33	247
80	34	21
80	35	112
80	36	33
80	37	71
80	38	52
80	39	64
81	12	87
81	13	78
81	14	2587
81	15	2355
81	16	8524
81	17	9832
81	18	409
81	19	324
81	20	714
81	24	3
81	25	3
81	26	9
81	27	50
81	28	10
81	29	87
81	30	49
81	31	142
81	32	294
81	33	266
81	34	9
81	35	123
81	36	57
81	37	87
81	38	20
81	39	59
82	12	114
82	13	65
82	14	2680
82	15	2409
82	16	8620
82	17	10310
82	18	439
82	19	367
82	20	833
82	24	8
82	25	13
82	26	8
82	27	50
82	28	8
82	29	96
82	30	48
82	31	138
82	32	272
82	33	258
82	34	5
82	35	131
82	36	26
82	37	93
82	38	49
82	39	61
83	12	92
83	13	57
83	14	2407
83	15	2235
83	16	7962
83	17	8991
83	18	407
83	19	305
83	20	641
83	24	13
83	25	8
83	26	5
83	27	67
83	28	2
83	29	86
83	30	51
83	31	136
83	32	255
83	33	233
83	34	12
83	35	109
83	36	29
83	37	95
83	38	43
83	39	53
84	12	100
84	13	78
84	14	2492
84	15	2313
84	16	8026
84	17	9303
84	18	420
84	19	314
84	20	742
84	24	10
84	25	9
84	26	8
84	27	37
84	28	5
84	29	98
84	30	54
84	31	131
84	32	271
84	33	261
84	34	14
84	35	85
84	36	32
84	37	70
84	38	34
84	39	57
85	12	118
85	13	79
85	14	2314
85	15	2151
85	16	7321
85	17	8850
85	18	328
85	19	341
85	20	584
85	24	7
85	25	7
85	26	5
85	27	52
85	28	12
85	29	83
85	30	38
85	31	139
85	32	208
85	33	197
85	34	10
85	35	70
85	36	30
85	37	71
85	38	46
85	39	67
86	12	104
86	13	85
86	14	2234
86	15	2031
86	16	7087
86	17	8270
86	18	337
86	19	324
86	20	535
86	24	5
86	25	11
86	26	8
86	27	48
86	28	2
86	29	92
86	30	51
86	31	143
86	32	167
86	33	195
86	34	13
86	35	53
86	36	27
86	37	63
86	38	49
86	39	69
87	12	107
87	13	65
87	14	2240
87	15	2109
87	16	7214
87	17	8353
87	18	334
87	19	283
87	20	551
87	24	8
87	25	6
87	26	9
87	27	48
87	28	3
87	29	117
87	30	41
87	31	132
87	32	185
87	33	208
87	34	9
87	35	88
87	36	29
87	37	82
87	38	47
87	39	68
88	12	121
88	13	82
88	14	2384
88	15	2202
88	16	7544
88	17	8858
88	18	404
88	19	337
88	20	599
88	24	12
88	25	7
88	26	13
88	27	53
88	28	9
88	29	124
88	30	48
88	31	174
88	32	204
88	33	253
88	34	13
88	35	99
88	36	34
88	37	74
88	38	46
88	39	57
89	12	130
89	13	89
89	14	2294
89	15	2241
89	16	7264
89	17	8616
89	18	376
89	19	336
89	20	559
89	24	9
89	25	10
89	26	5
89	27	48
89	28	6
89	29	102
89	30	50
89	31	157
89	32	158
89	33	251
89	34	11
89	35	100
89	36	29
89	37	46
89	38	54
89	39	63
90	12	130
90	13	73
90	14	2439
90	15	2310
90	16	7781
90	17	9116
90	18	429
90	19	349
90	20	633
90	24	11
90	25	7
90	26	9
90	27	60
90	28	10
90	29	122
90	30	55
90	31	182
90	32	183
90	33	272
90	34	13
90	35	96
90	36	41
90	37	79
90	38	43
90	39	61
91	12	126
91	13	87
91	14	2318
91	15	2218
91	16	7598
91	17	8872
91	18	405
91	19	376
91	20	588
91	24	12
91	25	6
91	26	5
91	27	52
91	28	10
91	29	113
91	30	61
91	31	202
91	32	151
91	33	226
91	34	16
91	35	82
91	36	40
91	37	75
91	38	62
91	39	64
92	12	105
92	13	116
92	14	2842
92	15	2442
92	16	8912
92	17	10416
92	18	450
92	19	433
92	20	689
92	24	9
92	25	7
92	26	5
92	27	70
92	28	5
92	29	141
92	30	65
92	31	234
92	32	183
92	33	307
92	34	17
92	35	98
92	36	41
92	37	89
92	38	56
92	39	59
93	12	141
93	13	93
93	14	2512
93	15	2300
93	16	7921
93	17	9148
93	18	429
93	19	380
93	20	594
93	24	11
93	25	4
93	26	9
93	27	65
93	28	6
93	29	130
93	30	49
93	31	200
93	32	129
93	33	278
93	34	13
93	35	88
93	36	30
93	37	78
93	38	43
93	39	50
94	12	114
94	13	75
94	14	2313
94	15	2174
94	16	7218
94	17	8471
94	18	372
94	19	367
94	20	532
94	24	13
94	25	5
94	26	13
94	27	75
94	28	10
94	29	106
94	30	66
94	31	203
94	32	129
94	33	264
94	34	13
94	35	61
94	36	35
94	37	67
94	38	52
94	39	55
95	12	118
95	13	102
95	14	2401
95	15	2174
95	16	7078
95	17	8560
95	18	377
95	19	377
95	20	506
95	24	15
95	25	6
95	26	13
95	27	53
95	28	8
95	29	138
95	30	53
95	31	210
95	32	99
95	33	236
95	34	18
95	35	70
95	36	36
95	37	66
95	38	65
95	39	69
96	12	147
96	13	101
96	14	2440
96	15	2319
96	16	7987
96	17	9153
96	18	420
96	19	430
96	20	635
96	24	12
96	25	3
96	26	9
96	27	67
96	28	7
96	29	150
96	30	56
96	31	235
96	32	102
96	33	267
96	34	14
96	35	97
96	36	32
96	37	89
96	38	44
96	39	66
97	12	157
97	13	99
97	14	2508
97	15	2341
97	16	8310
97	17	9647
97	18	470
97	19	422
97	20	612
97	24	13
97	25	8
97	26	13
97	27	68
97	28	6
97	29	156
97	30	60
97	31	260
97	32	90
97	33	290
97	34	14
97	35	88
97	36	42
97	37	83
97	38	41
97	39	63
98	12	155
98	13	89
98	14	2277
98	15	2169
98	16	7234
98	17	8317
98	18	376
98	19	381
98	20	470
98	24	15
98	25	7
98	26	7
98	27	72
98	28	5
98	29	132
98	30	56
98	31	221
98	32	66
98	33	253
98	34	12
98	35	71
98	36	33
98	37	85
98	38	66
98	39	78
99	12	137
99	13	90
99	14	2353
99	15	2240
99	16	7433
99	17	8269
99	18	408
99	19	411
99	20	440
99	24	13
99	25	10
99	26	17
99	27	57
99	28	13
99	29	131
99	30	52
99	31	211
99	32	67
99	33	226
99	34	12
99	35	62
99	36	36
99	37	70
99	38	60
99	39	82
100	12	145
100	13	113
100	14	2534
100	15	2453
100	16	7973
100	17	9005
100	18	498
100	19	518
100	20	504
100	24	17
100	25	13
100	26	14
100	27	67
100	28	8
100	29	154
100	30	67
100	31	255
100	32	53
100	33	237
100	34	13
100	35	63
100	36	43
100	37	86
100	38	44
100	39	58
101	12	174
101	13	108
101	14	2644
101	15	2458
101	16	8349
101	17	9898
101	18	550
101	19	541
101	20	542
101	24	15
101	25	9
101	26	15
101	27	76
101	28	10
101	29	150
101	30	80
101	31	301
101	32	46
101	33	290
101	34	17
101	35	86
101	36	28
101	37	75
101	38	40
101	39	69
102	12	156
102	13	99
102	14	2307
102	15	2137
102	16	7057
102	17	7862
102	18	351
102	19	465
102	20	357
102	24	9
102	25	13
102	26	10
102	27	72
102	28	7
102	29	123
102	30	48
102	31	215
102	32	37
102	33	233
102	34	12
102	35	69
102	36	35
102	37	69
102	38	40
102	39	80
103	12	167
103	13	95
103	14	2442
103	15	2301
103	16	7887
103	17	8645
103	18	487
103	19	465
103	20	429
103	24	13
103	25	12
103	26	10
103	27	74
103	28	9
103	29	144
103	30	53
103	31	250
103	32	35
103	33	274
103	34	21
103	35	81
103	36	32
103	37	82
103	38	53
103	39	65
104	12	175
104	13	136
104	14	2548
104	15	2332
104	16	7546
104	17	8761
104	18	480
104	19	495
104	20	400
104	24	17
104	25	14
104	26	13
104	27	85
104	28	7
104	29	152
104	30	64
104	31	274
104	32	42
104	33	271
104	34	14
104	35	66
104	36	27
104	37	72
104	38	55
104	39	57
105	12	161
105	13	117
105	14	2671
105	15	2565
105	16	8698
105	17	9801
105	18	663
105	19	634
105	20	491
105	24	10
105	25	8
105	26	16
105	27	71
105	28	13
105	29	180
105	30	85
105	31	340
105	32	30
105	33	306
105	34	10
105	35	84
105	36	33
105	37	84
105	38	47
105	39	58
106	12	180
106	13	123
106	14	2381
106	15	2251
106	16	7056
106	17	7837
106	18	507
106	19	468
106	20	325
106	24	18
106	25	10
106	26	8
106	27	69
106	28	8
106	29	135
106	30	50
106	31	206
106	32	12
106	33	286
106	34	7
106	35	60
106	36	31
106	37	66
106	38	51
106	39	66
107	12	179
107	13	120
107	14	2362
107	15	2393
107	16	7768
107	17	8577
107	18	525
107	19	536
107	20	348
107	24	15
107	25	7
107	26	5
107	27	73
107	28	12
107	29	155
107	30	65
107	31	262
107	32	20
107	33	260
107	34	8
107	35	57
107	36	27
107	37	72
107	38	38
107	39	73
108	12	180
108	13	131
108	14	2682
108	15	2599
108	16	8712
108	17	9672
108	18	624
108	19	683
108	20	442
108	24	16
108	25	11
108	26	7
108	27	88
108	28	18
108	29	181
108	30	76
108	31	343
108	32	18
108	33	368
108	34	16
108	35	62
108	36	44
108	37	100
108	38	47
108	39	59
109	12	199
109	13	141
109	14	2572
109	15	2500
109	16	8058
109	17	9131
109	18	606
109	19	603
109	20	341
109	24	17
109	25	7
109	26	13
109	27	73
109	28	10
109	29	191
109	30	78
109	31	288
109	32	10
109	33	308
109	34	12
109	35	62
109	36	33
109	37	82
109	38	48
109	39	66
110	12	180
110	13	140
110	14	2379
110	15	2349
110	16	7547
110	17	8430
110	18	509
110	19	527
110	20	319
110	24	17
110	25	11
110	26	12
110	27	89
110	28	7
110	29	142
110	30	74
110	31	264
110	32	10
110	33	275
110	34	19
110	35	54
110	36	33
110	37	78
110	38	40
110	39	70
111	12	202
111	13	136
111	14	2493
111	15	2474
111	16	7673
111	17	8348
111	18	535
111	19	578
111	20	305
111	24	10
111	25	14
111	26	15
111	27	89
111	28	16
111	29	145
111	30	65
111	31	262
111	32	10
111	33	261
111	34	21
111	35	53
111	36	33
111	37	78
111	38	47
111	39	69
112	12	204
112	13	166
112	14	2678
112	15	2656
112	16	8511
112	17	9531
112	18	649
112	19	726
112	20	297
112	24	23
112	25	15
112	26	14
112	27	89
112	28	8
112	29	203
112	30	79
112	31	322
112	32	12
112	33	335
112	34	16
112	35	67
112	36	35
112	37	62
112	38	47
112	39	63
113	12	213
113	13	131
113	14	2548
113	15	2582
113	16	8068
113	17	9067
113	18	629
113	19	656
113	20	271
113	24	18
113	25	9
113	26	19
113	27	117
113	28	13
113	29	183
113	30	71
113	31	288
113	32	12
113	33	323
113	34	15
113	35	59
113	36	30
113	37	71
113	38	51
113	39	69
114	12	211
114	13	162
114	14	2278
114	15	2330
114	16	7090
114	17	7813
114	18	482
114	19	557
114	20	196
114	24	17
114	25	11
114	26	9
114	27	87
114	28	15
114	29	142
114	30	60
114	31	237
114	32	8
114	33	246
114	34	16
114	35	52
114	36	20
114	37	68
114	38	43
114	39	65
115	12	219
115	13	159
115	14	2415
115	15	2381
115	16	7414
115	17	8041
115	18	512
115	19	626
115	20	190
115	24	21
115	25	10
115	26	15
115	27	92
115	28	14
115	29	163
115	30	73
115	31	235
115	32	10
115	33	264
115	34	13
115	35	36
115	36	20
115	37	90
115	38	38
115	39	60
116	12	241
116	13	171
116	14	2720
116	15	2691
116	16	8322
116	17	9322
116	18	671
116	19	802
116	20	236
116	24	25
116	25	12
116	26	11
116	27	112
116	28	12
116	29	195
116	30	68
116	31	260
116	32	8
116	33	301
116	34	12
116	35	54
116	36	37
116	37	86
116	38	37
116	39	61
117	12	247
117	13	188
117	14	2393
117	15	2318
117	16	7328
117	17	7907
117	18	487
117	19	679
117	20	154
117	24	19
117	25	16
117	26	12
117	27	95
117	28	10
117	29	152
117	30	67
117	31	212
117	32	9
117	33	277
117	34	19
117	35	49
117	36	39
117	37	68
117	38	49
117	39	63
118	12	233
118	13	182
118	14	2634
118	15	2546
118	16	8122
118	17	8825
118	18	547
118	19	739
118	20	203
118	24	17
118	25	9
118	26	13
118	27	110
118	28	17
118	29	180
118	30	68
118	31	231
118	32	10
118	33	300
118	34	17
118	35	51
118	36	30
118	37	54
118	38	47
118	39	67
119	12	233
119	13	190
119	14	2487
119	15	2500
119	16	7435
119	17	8043
119	18	556
119	19	632
119	20	144
119	24	21
119	25	15
119	26	18
119	27	99
119	28	15
119	29	201
119	30	58
119	31	205
119	32	11
119	33	244
119	34	16
119	35	35
119	36	26
119	37	84
119	38	41
119	39	67
120	12	286
120	13	205
120	14	2786
120	15	2782
120	16	8402
120	17	9317
120	18	645
120	19	839
120	20	160
120	24	32
120	25	13
120	26	13
120	27	123
120	28	8
120	29	194
120	30	78
120	31	266
120	32	6
120	33	343
120	34	17
120	35	47
120	36	26
120	37	64
120	38	52
120	39	63
121	12	266
121	13	172
121	14	2638
121	15	2728
121	16	7866
121	17	8531
121	18	616
121	19	747
121	20	126
121	24	25
121	25	18
121	26	15
121	27	107
121	28	9
121	29	208
121	30	60
121	31	265
121	32	5
121	33	316
121	34	11
121	35	52
121	36	31
121	37	74
121	38	39
121	39	58
122	12	228
122	13	198
122	14	2452
122	15	2497
122	16	7404
122	17	7900
122	18	522
122	19	647
122	20	103
122	24	26
122	25	14
122	26	15
122	27	120
122	28	14
122	29	217
122	30	75
122	31	200
122	32	5
122	33	280
122	34	19
122	35	37
122	36	25
122	37	74
122	38	43
122	39	72
123	12	265
123	13	219
123	14	2727
123	15	2586
123	16	7946
123	17	9071
123	18	591
123	19	798
123	20	114
123	24	29
123	25	23
123	26	18
123	27	110
123	28	14
123	29	198
123	30	74
123	31	234
123	32	11
123	33	282
123	34	16
123	35	38
123	36	39
123	37	85
123	38	42
123	39	54
124	12	263
124	13	195
124	14	2664
124	15	2745
124	16	8226
124	17	8765
124	18	586
124	19	694
124	20	101
124	24	16
124	25	16
124	26	24
124	27	130
124	28	21
124	29	198
124	30	66
124	31	211
124	32	5
124	33	308
124	34	17
124	35	45
124	36	20
124	37	80
124	38	38
124	39	75
125	12	292
125	13	227
125	14	2528
125	15	2637
125	16	7457
125	17	8224
125	18	530
125	19	673
125	20	67
125	24	27
125	25	20
125	26	20
125	27	138
125	28	15
125	29	173
125	30	82
125	31	202
125	32	9
125	33	266
125	34	15
125	35	30
125	36	27
125	37	72
125	38	40
125	39	60
126	12	311
126	13	239
126	14	2640
126	15	2744
126	16	7596
126	17	8380
126	18	614
126	19	749
126	20	85
126	24	32
126	25	16
126	26	21
126	27	117
126	28	11
126	29	230
126	30	76
126	31	174
126	32	4
126	33	284
126	34	19
126	35	41
126	36	22
126	37	72
126	38	39
126	39	60
127	12	286
127	13	275
127	14	2776
127	15	2872
127	16	8567
127	17	8916
127	18	657
127	19	865
127	20	66
127	24	20
127	25	23
127	26	27
127	27	118
127	28	20
127	29	237
127	30	69
127	31	194
127	32	13
127	33	317
127	34	18
127	35	46
127	36	27
127	37	81
127	38	44
127	39	81
128	12	324
128	13	252
128	14	3073
128	15	3023
128	16	9076
128	17	10049
128	18	797
128	19	1020
128	20	49
128	24	37
128	25	22
128	26	26
128	27	152
128	28	20
128	29	307
128	30	73
128	31	242
128	32	13
128	33	374
128	34	16
128	35	43
128	36	38
128	37	87
128	38	49
128	39	53
129	12	327
129	13	234
129	14	2518
129	15	2831
129	16	7441
129	17	7943
129	18	520
129	19	654
129	20	44
129	24	24
129	25	13
129	26	21
129	27	151
129	28	18
129	29	204
129	30	65
129	31	186
129	32	14
129	33	244
129	34	18
129	35	44
129	36	20
129	37	75
129	38	37
129	39	60
130	12	336
130	13	253
130	14	2508
130	15	2758
130	16	7672
130	17	7977
130	18	557
130	19	676
130	20	32
130	24	32
130	25	25
130	26	17
130	27	146
130	28	16
130	29	207
130	30	87
130	31	145
130	32	11
130	33	253
130	34	28
130	35	23
130	36	25
130	37	67
130	38	42
130	39	78
131	12	309
131	13	275
131	14	2416
131	15	2608
131	16	6980
131	17	7476
131	18	510
131	19	648
131	20	23
131	24	37
131	25	25
131	26	23
131	27	148
131	28	19
131	29	197
131	30	74
131	31	148
131	32	10
131	33	242
131	34	19
131	35	34
131	36	21
131	37	56
131	38	42
131	39	75
132	12	321
132	13	263
132	14	2537
132	15	2761
132	16	7521
132	17	7858
132	18	473
132	19	673
132	20	30
132	24	24
132	25	19
132	26	18
132	27	171
132	28	19
132	29	211
132	30	62
132	31	144
132	32	3
132	33	271
132	34	16
132	35	40
132	36	21
132	37	71
132	38	53
132	39	61
133	12	345
133	13	268
133	14	2451
133	15	2774
133	16	7121
133	17	7259
133	18	475
133	19	644
133	20	22
133	24	46
133	25	23
133	26	19
133	27	145
133	28	10
133	29	191
133	30	59
133	31	117
133	32	6
133	33	251
133	34	13
133	35	24
133	36	29
133	37	69
133	38	51
133	39	64
134	12	371
134	13	274
134	14	2513
134	15	2811
134	16	7464
134	17	8107
134	18	482
134	19	674
134	20	18
134	24	31
134	25	21
134	26	24
134	27	169
134	28	14
134	29	238
134	30	89
134	31	147
134	32	7
134	33	263
134	34	9
134	35	34
134	36	26
134	37	69
134	38	47
134	39	76
135	12	336
135	13	245
135	14	2485
135	15	2844
135	16	7384
135	17	7843
135	18	484
135	19	662
135	20	8
135	24	36
135	25	18
135	26	26
135	27	166
135	28	12
135	29	241
135	30	70
135	31	129
135	32	9
135	33	231
135	34	23
135	35	41
135	36	25
135	37	75
135	38	43
135	39	67
136	12	387
136	13	320
136	14	2702
136	15	2866
136	16	7588
136	17	7829
136	18	492
136	19	634
136	20	8
136	24	30
136	25	20
136	26	23
136	27	149
136	28	22
136	29	252
136	30	73
136	31	124
136	32	8
136	33	261
136	34	11
136	35	41
136	36	31
136	37	50
136	38	38
136	39	87
137	12	358
137	13	296
137	14	2468
137	15	2818
137	16	7068
137	17	7457
137	18	472
137	19	648
137	20	7
137	24	45
137	25	26
137	26	32
137	27	164
137	28	11
137	29	211
137	30	66
137	31	123
137	32	5
137	33	241
137	34	22
137	35	41
137	36	25
137	37	63
137	38	59
137	39	84
137	40	1
138	12	373
138	13	304
138	14	2609
138	15	2949
138	16	7501
138	17	7716
138	18	491
138	19	625
138	20	2
138	24	22
138	25	23
138	26	24
138	27	178
138	28	21
138	29	255
138	30	59
138	31	128
138	32	8
138	33	251
138	34	20
138	35	37
138	36	26
138	37	75
138	38	53
138	39	63
139	12	407
139	13	291
139	14	2523
139	15	2919
139	16	7239
139	17	7434
139	18	495
139	19	722
139	20	2
139	24	44
139	25	26
139	26	31
139	27	165
139	28	23
139	29	210
139	30	60
139	31	108
139	32	11
139	33	229
139	34	12
139	35	38
139	36	23
139	37	83
139	38	34
139	39	66
139	40	1
140	12	381
140	13	307
140	14	2532
140	15	2945
140	16	7146
140	17	7549
140	18	459
140	19	615
140	20	2
140	24	30
140	25	33
140	26	29
140	27	180
140	28	18
140	29	206
140	30	83
140	31	79
140	32	7
140	33	248
140	34	10
140	35	33
140	36	18
140	37	78
140	38	50
140	39	76
141	12	383
141	13	328
141	14	2753
141	15	3224
141	16	8166
141	17	8196
141	18	558
141	19	678
141	20	1
141	24	47
141	25	33
141	26	34
141	27	180
141	28	22
141	29	257
141	30	87
141	31	91
141	32	7
141	33	257
141	34	21
141	35	43
141	36	22
141	37	84
141	38	54
141	39	79
142	12	407
142	13	325
142	14	2599
142	15	3078
142	16	7426
142	17	7365
142	18	449
142	19	646
142	20	1
142	24	40
142	25	19
142	26	28
142	27	181
142	28	16
142	29	258
142	30	73
142	31	88
142	32	6
142	33	254
142	34	20
142	35	38
142	36	29
142	37	65
142	38	44
142	39	78
143	12	419
143	13	374
143	14	2954
143	15	3469
143	16	8565
143	17	8881
143	18	618
143	19	839
143	24	37
143	25	26
143	26	33
143	27	210
143	28	25
143	29	314
143	30	113
143	31	94
143	32	6
143	33	295
143	34	15
143	35	40
143	36	32
143	37	88
143	38	43
143	39	65
144	12	426
144	13	367
144	14	2600
144	15	3066
144	16	7486
144	17	7593
144	18	489
144	19	611
144	24	48
144	25	30
144	26	29
144	27	225
144	28	12
144	29	219
144	30	82
144	31	77
144	32	6
144	33	218
144	34	18
144	35	35
144	36	18
144	37	73
144	38	47
144	39	76
145	12	441
145	13	350
145	14	2652
145	15	3135
145	16	7229
145	17	7257
145	18	430
145	19	589
145	24	43
145	25	24
145	26	32
145	27	202
145	28	25
145	29	213
145	30	71
145	31	72
145	32	5
145	33	228
145	34	17
145	35	38
145	36	25
145	37	68
145	38	47
145	39	61
146	12	432
146	13	353
146	14	2678
146	15	3170
146	16	7525
146	17	7856
146	18	450
146	19	570
146	24	42
146	25	42
146	26	38
146	27	168
146	28	22
146	29	255
146	30	76
146	31	69
146	32	6
146	33	244
146	34	17
146	35	29
146	36	16
146	37	60
146	38	49
146	39	76
147	12	474
147	13	408
147	14	2590
147	15	3193
147	16	7486
147	17	7330
147	18	424
147	19	552
147	24	50
147	25	27
147	26	32
147	27	182
147	28	17
147	29	234
147	30	74
147	31	57
147	32	9
147	33	210
147	34	23
147	35	42
147	36	21
147	37	66
147	38	46
147	39	57
148	12	465
148	13	389
148	14	2469
148	15	3208
148	16	7370
148	17	7213
148	18	436
148	19	563
148	24	43
148	25	26
148	26	29
148	27	173
148	28	21
148	29	246
148	30	92
148	31	73
148	32	15
148	33	247
148	34	15
148	35	32
148	36	22
148	37	88
148	38	61
148	39	58
149	12	460
149	13	390
149	14	2736
149	15	3212
149	16	7801
149	17	7332
149	18	445
149	19	589
149	24	50
149	25	40
149	26	39
149	27	237
149	28	19
149	29	264
149	30	56
149	31	68
149	32	3
149	33	244
149	34	27
149	35	40
149	36	19
149	37	71
149	38	46
149	39	69
150	12	503
150	13	442
150	14	2923
150	15	3590
150	16	8190
150	17	8015
150	18	464
150	19	658
150	24	50
150	25	37
150	26	31
150	27	233
150	28	26
150	29	277
150	30	98
150	31	76
150	32	14
150	33	269
150	34	19
150	35	56
150	36	30
150	37	83
150	38	56
150	39	62
151	12	431
151	13	453
151	14	2533
151	15	3387
151	16	7254
151	17	7014
151	18	369
151	19	564
151	24	50
151	25	28
151	26	34
151	27	215
151	28	18
151	29	208
151	30	85
151	31	62
151	32	14
151	33	184
151	34	22
151	35	32
151	36	19
151	37	74
151	38	46
151	39	78
152	12	448
152	13	449
152	14	2616
152	15	3253
152	16	7759
152	17	7002
152	18	417
152	19	518
152	24	57
152	25	24
152	26	43
152	27	230
152	28	38
152	29	234
152	30	71
152	31	63
152	32	7
152	33	208
152	34	23
152	35	39
152	36	15
152	37	71
152	38	47
152	39	65
153	12	491
153	13	421
153	14	2545
153	15	3307
153	16	7248
153	17	6748
153	18	382
153	19	513
153	24	42
153	25	45
153	26	35
153	27	233
153	28	24
153	29	221
153	30	85
153	31	62
153	32	7
153	33	193
153	34	20
153	35	35
153	36	17
153	37	82
153	38	51
153	39	76
154	12	495
154	13	435
154	14	2744
154	15	3768
154	16	8468
154	17	7899
154	18	416
154	19	584
154	24	54
154	25	35
154	26	44
154	27	239
154	28	28
154	29	277
154	30	85
154	31	67
154	32	9
154	33	247
154	34	24
154	35	40
154	36	28
154	37	80
154	38	46
154	39	63
155	12	474
155	13	472
155	14	2514
155	15	3373
155	16	7467
155	17	6651
155	18	362
155	19	473
155	24	49
155	25	39
155	26	45
155	27	232
155	28	27
155	29	202
155	30	91
155	31	65
155	32	19
155	33	210
155	34	31
155	35	33
155	36	18
155	37	59
155	38	46
155	39	63
156	12	541
156	13	472
156	14	2385
156	15	3198
156	16	6711
156	17	5952
156	18	334
156	19	386
156	24	47
156	25	33
156	26	32
156	27	215
156	28	23
156	29	195
156	30	78
156	31	59
156	32	6
156	33	145
156	34	18
156	35	33
156	36	11
156	37	63
156	38	56
156	39	67
157	12	517
157	13	442
157	14	2568
157	15	3252
157	16	7212
157	17	6191
157	18	372
157	19	404
157	24	65
157	25	43
157	26	41
157	27	221
157	28	15
157	29	197
157	30	77
157	31	34
157	32	10
157	33	163
157	34	26
157	35	38
157	36	25
157	37	71
157	38	52
157	39	77
158	12	580
158	13	554
158	14	2831
158	15	3743
158	16	8211
158	17	7296
158	18	379
158	19	512
158	24	62
158	25	35
158	26	32
158	27	281
158	28	31
158	29	226
158	30	92
158	31	72
158	32	14
158	33	224
158	34	25
158	35	32
158	36	18
158	37	70
158	38	57
158	39	64
159	12	573
159	13	537
159	14	2594
159	15	3523
159	16	7468
159	17	6575
159	18	388
159	19	418
159	24	72
159	25	36
159	26	56
159	27	230
159	28	24
159	29	198
159	30	76
159	31	53
159	32	2
159	33	208
159	34	24
159	35	35
159	36	16
159	37	87
159	38	41
159	39	85
160	12	603
160	13	577
160	14	2721
160	15	3688
160	16	7727
160	17	6686
160	18	375
160	19	420
160	24	64
160	25	38
160	26	49
160	27	230
160	28	34
160	29	197
160	30	98
160	31	70
160	32	8
160	33	196
160	34	24
160	35	43
160	36	26
160	37	58
160	38	48
160	39	79
161	12	555
161	13	531
161	14	2533
161	15	3511
161	16	7316
161	17	5971
161	18	352
161	19	345
161	24	70
161	25	37
161	26	44
161	27	229
161	28	31
161	29	203
161	30	70
161	31	50
161	32	10
161	33	150
161	34	18
161	35	43
161	36	20
161	37	61
161	38	43
161	39	80
162	12	560
162	13	560
162	14	2653
162	15	3731
162	16	7777
162	17	6950
162	18	330
162	19	356
162	24	69
162	25	33
162	26	42
162	27	265
162	28	30
162	29	217
162	30	74
162	31	58
162	32	8
162	33	189
162	34	19
162	35	44
162	36	8
162	37	84
162	38	37
162	39	61
163	12	548
163	13	571
163	14	2602
163	15	3760
163	16	7695
163	17	6183
163	18	309
163	19	371
163	24	68
163	25	44
163	26	51
163	27	246
163	28	33
163	29	181
163	30	84
163	31	74
163	32	11
163	33	193
163	34	28
163	35	41
163	36	23
163	37	68
163	38	47
163	39	76
163	40	1
164	12	574
164	13	570
164	14	2580
164	15	3681
164	16	7310
164	17	5882
164	18	295
164	19	297
164	24	77
164	25	31
164	26	30
164	27	217
164	28	26
164	29	184
164	30	95
164	31	53
164	32	7
164	33	173
164	34	29
164	35	46
164	36	20
164	37	71
164	38	40
164	39	50
164	40	1
165	12	544
165	13	578
165	14	2470
165	15	3689
165	16	7307
165	17	5703
165	18	302
165	19	287
165	24	81
165	25	43
165	26	49
165	27	229
165	28	22
165	29	163
165	30	77
165	31	51
165	32	12
165	33	123
165	34	31
165	35	40
165	36	10
165	37	67
165	38	39
165	39	60
166	12	652
166	13	675
166	14	2861
166	15	4366
166	16	9335
166	17	7403
166	18	347
166	19	410
166	24	69
166	25	49
166	26	63
166	27	283
166	28	34
166	29	228
166	30	86
166	31	74
166	32	4
166	33	216
166	34	23
166	35	43
166	36	17
166	37	78
166	38	46
166	39	57
167	12	648
167	13	667
167	14	2724
167	15	4118
167	16	8428
167	17	6645
167	18	334
167	19	326
167	24	84
167	25	52
167	26	64
167	27	316
167	28	26
167	29	191
167	30	93
167	31	71
167	32	8
167	33	175
167	34	19
167	35	42
167	36	19
167	37	60
167	38	51
167	39	59
167	40	1
168	12	616
168	13	670
168	14	2488
168	15	3614
168	16	7123
168	17	5453
168	18	283
168	19	233
168	24	93
168	25	35
168	26	39
168	27	243
168	28	28
168	29	154
168	30	80
168	31	60
168	32	10
168	33	183
168	34	27
168	35	33
168	36	12
168	37	73
168	38	47
168	39	54
169	12	630
169	13	559
169	14	2312
169	15	3653
169	16	6807
169	17	4758
169	18	276
169	19	216
169	24	62
169	25	41
169	26	31
169	27	248
169	28	27
169	29	132
169	30	66
169	31	59
169	32	10
169	33	139
169	34	22
169	35	24
169	36	7
169	37	47
169	38	45
169	39	71
170	12	643
170	13	750
170	14	2849
170	15	4310
170	16	8428
170	17	6197
170	18	300
170	19	281
170	24	79
170	25	35
170	26	54
170	27	318
170	28	29
170	29	204
170	30	83
170	31	65
170	32	14
170	33	163
170	34	30
170	35	47
170	36	14
170	37	89
170	38	48
170	39	76
171	12	668
171	13	712
171	14	2581
171	15	3991
171	16	7902
171	17	5508
171	18	250
171	19	250
171	24	78
171	25	56
171	26	65
171	27	266
171	28	27
171	29	144
171	30	79
171	31	83
171	32	8
171	33	143
171	34	19
171	35	40
171	36	11
171	37	61
171	38	56
171	39	72
171	40	1
172	12	644
172	13	737
172	14	2564
172	15	4144
172	16	8064
172	17	5595
172	18	255
172	19	224
172	24	85
172	25	32
172	26	57
172	27	281
172	28	35
172	29	201
172	30	92
172	31	70
172	32	5
172	33	166
172	34	18
172	35	32
172	36	11
172	37	62
172	38	57
172	39	58
173	12	655
173	13	766
173	14	2536
173	15	3901
173	16	7130
173	17	4659
173	18	227
173	19	205
173	24	83
173	25	47
173	26	44
173	27	255
173	28	26
173	29	138
173	30	80
173	31	57
173	32	9
173	33	122
173	34	14
173	35	37
173	36	12
173	37	66
173	38	59
173	39	71
174	12	744
174	13	826
174	14	3037
174	15	4842
174	16	9482
174	17	6449
174	18	259
174	19	227
174	24	110
174	25	62
174	26	53
174	27	356
174	28	42
174	29	205
174	30	124
174	31	97
174	32	7
174	33	165
174	34	22
174	35	40
174	36	13
174	37	65
174	38	40
174	39	53
174	40	1
175	12	674
175	13	805
175	14	2726
175	15	4239
175	16	8381
175	17	5394
175	18	233
175	19	187
175	24	85
175	25	52
175	26	64
175	27	291
175	28	25
175	29	136
175	30	87
175	31	72
175	32	11
175	33	131
175	34	20
175	35	44
175	36	12
175	37	67
175	38	42
175	39	58
175	40	1
176	12	702
176	13	843
176	14	2561
176	15	4250
176	16	7575
176	17	4928
176	18	185
176	19	148
176	24	89
176	25	51
176	26	54
176	27	267
176	28	35
176	29	129
176	30	76
176	31	71
176	32	11
176	33	105
176	34	29
176	35	38
176	36	10
176	37	56
176	38	53
176	39	71
176	40	1
177	12	746
177	13	818
177	14	2621
177	15	4399
177	16	7803
177	17	4749
177	18	205
177	19	135
177	24	98
177	25	50
177	26	56
177	27	259
177	28	41
177	29	148
177	30	65
177	31	70
177	32	9
177	33	117
177	34	29
177	35	40
177	36	6
177	37	55
177	38	39
177	39	55
178	12	798
178	13	869
178	14	2871
178	15	4691
178	16	8573
178	17	5147
178	18	212
178	19	124
178	24	96
178	25	52
178	26	57
178	27	340
178	28	31
178	29	159
178	30	100
178	31	82
178	32	4
178	33	125
178	34	29
178	35	58
178	36	11
178	37	61
178	38	46
178	39	68
179	12	804
179	13	887
179	14	2617
179	15	4455
179	16	8145
179	17	4620
179	18	192
179	19	127
179	24	104
179	25	54
179	26	57
179	27	267
179	28	59
179	29	132
179	30	91
179	31	72
179	32	10
179	33	91
179	34	29
179	35	47
179	36	12
179	37	65
179	38	42
179	39	70
180	12	797
180	13	927
180	14	2579
180	15	4368
180	16	7964
180	17	4487
180	18	171
180	19	105
180	24	97
180	25	49
180	26	65
180	27	288
180	28	48
180	29	136
180	30	78
180	31	66
180	32	13
180	33	111
180	34	22
180	35	51
180	36	8
180	37	67
180	38	56
180	39	63
181	12	750
181	13	901
181	14	2528
181	15	4422
181	16	7840
181	17	4070
181	18	168
181	19	84
181	24	88
181	25	49
181	26	70
181	27	291
181	28	35
181	29	113
181	30	90
181	31	85
181	32	9
181	33	109
181	34	29
181	35	36
181	36	7
181	37	67
181	38	44
181	39	68
182	12	868
182	13	1050
182	14	2951
182	15	5214
182	16	9576
182	17	5035
182	18	198
182	19	77
182	24	126
182	25	60
182	26	66
182	27	378
182	28	49
182	29	169
182	30	103
182	31	76
182	32	5
182	33	115
182	34	33
182	35	35
182	36	15
182	37	76
182	38	38
182	39	75
183	12	877
183	13	1050
183	14	2705
183	15	4918
183	16	8505
183	17	4296
183	18	151
183	19	84
183	24	113
183	25	62
183	26	65
183	27	305
183	28	41
183	29	125
183	30	92
183	31	85
183	32	14
183	33	93
183	34	29
183	35	33
183	36	6
183	37	60
183	38	50
183	39	74
184	12	826
184	13	1039
184	14	2615
184	15	4670
184	16	8063
184	17	3999
184	18	165
184	19	80
184	24	115
184	25	59
184	26	73
184	27	310
184	28	35
184	29	120
184	30	80
184	31	65
184	32	8
184	33	97
184	34	19
184	35	46
184	36	7
184	37	61
184	38	38
184	39	63
185	12	867
185	13	1122
185	14	2759
185	15	4984
185	16	8488
185	17	3961
185	18	171
185	19	68
185	24	125
185	25	61
185	26	69
185	27	350
185	28	52
185	29	135
185	30	72
185	31	80
185	32	9
185	33	83
185	34	32
185	35	46
185	36	9
185	37	64
185	38	41
185	39	73
186	12	876
186	13	1303
186	14	3186
186	15	5867
186	16	10713
186	17	4937
186	18	154
186	19	80
186	24	155
186	25	79
186	26	91
186	27	372
186	28	61
186	29	177
186	30	134
186	31	112
186	32	13
186	33	101
186	34	22
186	35	42
186	36	8
186	37	78
186	38	34
186	39	58
187	12	905
187	13	1166
187	14	2771
187	15	5209
187	16	8888
187	17	3928
187	18	153
187	19	66
187	24	126
187	25	77
187	26	70
187	27	342
187	28	48
187	29	113
187	30	92
187	31	98
187	32	11
187	33	88
187	34	30
187	35	41
187	36	12
187	37	59
187	38	58
187	39	56
187	40	1
188	12	812
188	13	1221
188	14	2800
188	15	5228
188	16	8747
188	17	3664
188	18	131
188	19	64
188	24	114
188	25	63
188	26	90
188	27	323
188	28	56
188	29	139
188	30	111
188	31	72
188	32	10
188	33	87
188	34	23
188	35	44
188	36	5
188	37	49
188	38	39
188	39	59
189	12	829
189	13	1150
189	14	2497
189	15	4886
189	16	7947
189	17	3078
189	18	87
189	19	34
189	24	115
189	25	51
189	26	66
189	27	283
189	28	45
189	29	81
189	30	85
189	31	75
189	32	11
189	33	80
189	34	26
189	35	37
189	36	9
189	37	72
189	38	45
189	39	77
190	12	925
190	13	1269
190	14	2880
190	15	5589
190	16	9653
190	17	3597
190	18	120
190	19	45
190	24	132
190	25	80
190	26	83
190	27	340
190	28	51
190	29	130
190	30	94
190	31	108
190	32	14
190	33	78
190	34	34
190	35	40
190	36	4
190	37	72
190	38	52
190	39	59
191	12	904
191	13	1317
191	14	2883
191	15	5754
191	16	9102
191	17	3292
191	18	109
191	19	27
191	24	108
191	25	62
191	26	95
191	27	374
191	28	53
191	29	111
191	30	92
191	31	72
191	32	8
191	33	76
191	34	25
191	35	43
191	36	11
191	37	75
191	38	46
191	39	61
192	12	917
192	13	1323
192	14	2603
192	15	5488
192	16	8670
192	17	2860
192	18	106
192	19	30
192	24	130
192	25	56
192	26	68
192	27	314
192	28	39
192	29	93
192	30	93
192	31	68
192	32	6
192	33	72
192	34	25
192	35	59
192	36	9
192	37	76
192	38	25
192	39	56
193	12	980
193	13	1365
193	14	2843
193	15	5671
193	16	9202
193	17	2886
193	18	102
193	19	24
193	24	145
193	25	69
193	26	79
193	27	352
193	28	64
193	29	98
193	30	94
193	31	58
193	32	12
193	33	78
193	34	27
193	35	51
193	36	9
193	37	57
193	38	54
193	39	57
194	12	998
194	13	1540
194	14	2949
194	15	6030
194	16	9595
194	17	2859
194	18	98
194	19	25
194	24	120
194	25	88
194	26	98
194	27	347
194	28	54
194	29	99
194	30	105
194	31	72
194	32	7
194	33	67
194	34	23
194	35	34
194	36	6
194	37	69
194	38	49
194	39	73
195	12	1016
195	13	1540
195	14	2900
195	15	6385
195	16	10159
195	17	2864
195	18	65
195	19	20
195	24	160
195	25	88
195	26	77
195	27	362
195	28	79
195	29	107
195	30	116
195	31	74
195	32	6
195	33	78
195	34	40
195	35	43
195	36	13
195	37	71
195	38	48
195	39	60
196	12	964
196	13	1352
196	14	2590
196	15	5398
196	16	7847
196	17	2171
196	18	70
196	19	13
196	24	134
196	25	77
196	26	57
196	27	301
196	28	47
196	29	81
196	30	87
196	31	55
196	32	6
196	33	73
196	34	25
196	35	61
196	36	14
196	37	62
196	38	55
196	39	60
197	12	1006
197	13	1466
197	14	2699
197	15	5741
197	16	8288
197	17	2097
197	18	66
197	19	18
197	24	117
197	25	79
197	26	95
197	27	295
197	28	72
197	29	93
197	30	78
197	31	61
197	32	15
197	33	57
197	34	31
197	35	28
197	36	4
197	37	54
197	38	53
197	39	64
198	12	1049
198	13	1605
198	14	3121
198	15	6762
198	16	10052
198	17	2221
198	18	77
198	19	10
198	24	171
198	25	100
198	26	106
198	27	371
198	28	66
198	29	125
198	30	109
198	31	49
198	32	9
198	33	57
198	34	24
198	35	38
198	36	9
198	37	62
198	38	52
198	39	64
199	12	1009
199	13	1589
199	14	2912
199	15	6272
199	16	8786
199	17	1885
199	18	55
199	19	12
199	24	154
199	25	99
199	26	103
199	27	323
199	28	67
199	29	85
199	30	91
199	31	62
199	32	7
199	33	54
199	34	32
199	35	37
199	36	7
199	37	66
199	38	31
199	39	81
200	12	1039
200	13	1520
200	14	2798
200	15	6168
200	16	8148
200	17	1632
200	18	55
200	19	7
200	24	130
200	25	58
200	26	103
200	27	307
200	28	54
200	29	79
200	30	88
200	31	42
200	32	12
200	33	65
200	34	32
200	35	34
200	36	14
200	37	47
200	38	36
200	39	60
201	12	1059
201	13	1594
201	14	2719
201	15	6335
201	16	8338
201	17	1535
201	18	49
201	19	2
201	24	144
201	25	86
201	26	93
201	27	356
201	28	63
201	29	82
201	30	81
201	31	44
201	32	7
201	33	54
201	34	30
201	35	49
201	36	10
201	37	72
201	38	57
201	39	53
202	12	1103
202	13	1810
202	14	2988
202	15	6936
202	16	9336
202	17	1651
202	18	45
202	19	4
202	24	154
202	25	87
202	26	116
202	27	374
202	28	76
202	29	69
202	30	96
202	31	56
202	32	12
202	33	50
202	34	32
202	35	40
202	36	12
202	37	55
202	38	54
202	39	44
203	12	1040
203	13	1698
203	14	2825
203	15	6547
203	16	7995
203	17	1275
203	18	30
203	19	4
203	24	161
203	25	99
203	26	125
203	27	333
203	28	65
203	29	58
203	30	81
203	31	33
203	32	13
203	33	58
203	34	39
203	35	35
203	36	11
203	37	58
203	38	47
203	39	57
204	12	1131
204	13	1848
204	14	2905
204	15	7093
204	16	8671
204	17	1251
204	18	18
204	24	164
204	25	95
204	26	107
204	27	321
204	28	60
204	29	60
204	30	93
204	31	57
204	32	12
204	33	72
204	34	26
204	35	40
204	36	9
204	37	66
204	38	31
204	39	65
205	12	1072
205	13	1731
205	14	2771
205	15	6599
205	16	7907
205	17	1007
205	18	32
205	19	2
205	24	184
205	25	95
205	26	84
205	27	328
205	28	61
205	29	54
205	30	60
205	31	33
205	32	11
205	33	60
205	34	20
205	35	47
205	36	9
205	37	66
205	38	43
205	39	70
206	12	1218
206	13	2068
206	14	3229
206	15	7889
206	16	9307
206	17	1147
206	18	21
206	19	1
206	24	188
206	25	108
206	26	130
206	27	420
206	28	82
206	29	74
206	30	87
206	31	39
206	32	14
206	33	50
206	34	39
206	35	44
206	36	6
206	37	63
206	38	48
206	39	53
207	12	1161
207	13	1891
207	14	2912
207	15	7063
207	16	8053
207	17	922
207	18	20
207	19	1
207	24	161
207	25	100
207	26	118
207	27	352
207	28	75
207	29	67
207	30	54
207	31	43
207	32	11
207	33	72
207	34	23
207	35	34
207	36	7
207	37	50
207	38	44
207	39	61
208	12	1107
208	13	1789
208	14	2779
208	15	6823
208	16	7240
208	17	761
208	18	18
208	19	1
208	24	185
208	25	79
208	26	112
208	27	331
208	28	63
208	29	46
208	30	57
208	31	25
208	32	6
208	33	56
208	34	32
208	35	33
208	36	9
208	37	65
208	38	56
208	39	51
209	12	1160
209	13	1943
209	14	3025
209	15	7566
209	16	7722
209	17	717
209	18	22
209	24	180
209	25	116
209	26	108
209	27	350
209	28	82
209	29	48
209	30	80
209	31	28
209	32	12
209	33	61
209	34	27
209	35	25
209	36	15
209	37	80
209	38	53
209	39	69
210	12	1332
210	13	2496
210	14	3522
210	15	9359
210	16	9719
210	17	871
210	18	22
210	24	218
210	25	135
210	26	151
210	27	512
210	28	101
210	29	54
210	30	67
210	31	51
210	32	16
210	33	60
210	34	50
210	35	51
210	36	11
210	37	50
210	38	42
210	39	50
211	12	1132
211	13	2040
211	14	2993
211	15	7628
211	16	7268
211	17	551
211	18	16
211	24	189
211	25	106
211	26	127
211	27	335
211	28	64
211	29	56
211	30	55
211	31	24
211	32	16
211	33	54
211	34	35
211	35	41
211	36	5
211	37	55
211	38	45
211	39	48
212	12	1135
212	13	1916
212	14	2909
212	15	7198
212	16	6353
212	17	414
212	18	9
212	24	160
212	25	96
212	26	115
212	27	256
212	28	71
212	29	44
212	30	52
212	31	18
212	32	10
212	33	60
212	34	30
212	35	42
212	36	11
212	37	61
212	38	42
212	39	68
213	12	1222
213	13	2030
213	14	2981
213	15	7949
213	16	6977
213	17	439
213	18	6
213	24	191
213	25	110
213	26	117
213	27	321
213	28	71
213	29	37
213	30	40
213	31	28
213	32	14
213	33	59
213	34	40
213	35	43
213	36	11
213	37	61
213	38	40
213	39	66
214	12	1275
214	13	2444
214	14	3381
214	15	9286
214	16	8125
214	17	440
214	18	9
214	24	193
214	25	125
214	26	151
214	27	390
214	28	91
214	29	42
214	30	50
214	31	19
214	32	3
214	33	64
214	34	28
214	35	32
214	36	5
214	37	49
214	38	33
214	39	58
215	12	1304
215	13	2251
215	14	3302
215	15	8839
215	16	7188
215	17	371
215	18	7
215	24	200
215	25	131
215	26	126
215	27	341
215	28	79
215	29	43
215	30	49
215	31	15
215	32	13
215	33	53
215	34	34
215	35	40
215	36	10
215	37	52
215	38	38
215	39	45
216	12	1274
216	13	2274
216	14	3295
216	15	9049
216	16	6996
216	17	300
216	18	2
216	24	198
216	25	147
216	26	133
216	27	377
216	28	83
216	29	42
216	30	53
216	31	26
216	32	13
216	33	53
216	34	37
216	35	29
216	36	10
216	37	50
216	38	58
216	39	53
217	12	1174
217	13	1977
217	14	2943
217	15	7737
217	16	5433
217	17	217
217	18	1
217	24	150
217	25	119
217	26	128
217	27	272
217	28	77
217	29	37
217	30	29
217	31	17
217	32	15
217	33	62
217	34	30
217	35	41
217	36	5
217	37	48
217	38	50
217	39	60
218	0	2
218	12	1338
218	13	2605
218	14	3744
218	15	10665
218	16	7597
218	17	268
218	18	1
218	24	257
218	25	151
218	26	154
218	27	402
218	28	119
218	29	39
218	30	47
218	31	15
218	32	14
218	33	53
218	34	36
218	35	37
218	36	8
218	37	63
218	38	48
218	39	65
219	12	1260
219	13	2353
219	14	3588
219	15	9719
219	16	6241
219	17	198
219	18	3
219	24	246
219	25	121
219	26	126
219	27	313
219	28	90
219	29	39
219	30	39
219	31	9
219	32	15
219	33	66
219	34	32
219	35	30
219	36	11
219	37	47
219	38	44
219	39	48
220	12	1201
220	13	2448
220	14	3440
220	15	9577
220	16	5846
220	17	152
220	18	2
220	24	232
220	25	152
220	26	157
220	27	301
220	28	84
220	29	40
220	30	36
220	31	15
220	32	19
220	33	66
220	34	37
220	35	45
220	36	8
220	37	45
220	38	38
220	39	57
221	12	1226
221	13	2278
221	14	3429
221	15	9393
221	16	5098
221	17	134
221	24	190
221	25	144
221	26	142
221	27	289
221	28	72
221	29	31
221	30	32
221	31	21
221	32	11
221	33	69
221	34	45
221	35	36
221	36	9
221	37	57
221	38	41
221	39	63
222	0	20
222	12	1332
222	13	2726
222	14	3784
222	15	11524
222	16	6153
222	17	118
222	18	1
222	24	249
222	25	148
222	26	191
222	27	354
222	28	98
222	29	45
222	30	39
222	31	14
222	32	8
222	33	53
222	34	43
222	35	42
222	36	9
222	37	48
222	38	43
222	39	64
223	12	1312
223	13	2423
223	14	3710
223	15	9987
223	16	4933
223	17	84
223	24	213
223	25	122
223	26	158
223	27	284
223	28	71
223	29	25
223	30	31
223	31	14
223	32	8
223	33	62
223	34	27
223	35	18
223	36	6
223	37	57
223	38	45
223	39	63
224	12	1193
224	13	2015
224	14	3216
224	15	8499
224	16	3749
224	17	59
224	24	216
224	25	115
224	26	146
224	27	208
224	28	57
224	29	29
224	30	17
224	31	13
224	32	12
224	33	66
224	34	32
224	35	31
224	36	14
224	37	67
224	38	44
224	39	56
225	12	1342
225	13	2389
225	14	3705
225	15	10253
225	16	4462
225	17	61
225	18	1
225	24	228
225	25	159
225	26	187
225	27	254
225	28	69
225	29	33
225	30	17
225	31	12
225	32	16
225	33	74
225	34	53
225	35	36
225	36	16
225	37	48
225	38	51
225	39	54
226	12	1387
226	13	2788
226	14	4066
226	15	12080
226	16	5025
226	17	60
226	18	1
226	24	285
226	25	164
226	26	215
226	27	326
226	28	86
226	29	33
226	30	33
226	31	12
226	32	14
226	33	60
226	34	33
226	35	41
226	36	7
226	37	36
226	38	28
226	39	44
227	12	1255
227	13	2332
227	14	3680
227	15	9773
227	16	3653
227	17	37
227	24	251
227	25	170
227	26	164
227	27	254
227	28	69
227	29	18
227	30	23
227	31	8
227	32	12
227	33	76
227	34	27
227	35	34
227	36	12
227	37	58
227	38	35
227	39	42
228	12	1348
228	13	2381
228	14	3714
228	15	10077
228	16	3456
228	17	21
228	24	243
228	25	141
228	26	166
228	27	221
228	28	69
228	29	25
228	30	26
228	31	9
228	32	10
228	33	71
228	34	45
228	35	29
228	36	6
228	37	54
228	38	37
228	39	59
229	12	1314
229	13	2472
229	14	3850
229	15	10277
229	16	3291
229	17	33
229	24	265
229	25	155
229	26	188
229	27	218
229	28	71
229	29	21
229	30	17
229	31	10
229	32	18
229	33	88
229	34	38
229	35	29
229	36	8
229	37	39
229	38	31
229	39	46
230	12	1327
230	13	2552
230	14	4006
230	15	11387
230	16	3454
230	17	23
230	24	260
230	25	168
230	26	171
230	27	276
230	28	68
230	29	21
230	30	18
230	31	12
230	32	10
230	33	85
230	34	44
230	35	26
230	36	5
230	37	54
230	38	42
230	39	68
231	12	1323
231	13	2509
231	14	4015
231	15	10754
231	16	2978
231	17	16
231	18	1
231	24	262
231	25	146
231	26	151
231	27	233
231	28	69
231	29	14
231	30	14
231	31	16
231	32	12
231	33	85
231	34	47
231	35	31
231	36	6
231	37	46
231	38	47
231	39	48
232	12	1272
232	13	2343
232	14	3839
232	15	10491
232	16	2648
232	17	14
232	18	1
232	24	221
232	25	155
232	26	163
232	27	190
232	28	59
232	29	18
232	30	15
232	31	15
232	32	22
232	33	74
232	34	39
232	35	29
232	36	3
232	37	44
232	38	52
232	39	53
233	12	1301
233	13	2450
233	14	3922
233	15	10731
233	16	2399
233	17	10
233	24	255
233	25	133
233	26	178
233	27	193
233	28	67
233	29	18
233	30	12
233	31	15
233	32	11
233	33	79
233	34	47
233	35	29
233	36	7
233	37	56
233	38	42
233	39	46
234	12	1396
234	13	2641
234	14	4389
234	15	12321
234	16	2641
234	17	6
234	24	299
234	25	204
234	26	209
234	27	207
234	28	66
234	29	16
234	30	8
234	31	16
234	32	5
234	33	68
234	34	47
234	35	28
234	36	9
234	37	51
234	38	41
234	39	53
235	12	1274
235	13	2431
235	14	4252
235	15	11620
235	16	2228
235	17	7
235	24	245
235	25	173
235	26	204
235	27	238
235	28	58
235	29	18
235	30	10
235	31	10
235	32	11
235	33	67
235	34	56
235	35	27
235	36	5
235	37	59
235	38	37
235	39	44
236	12	1395
236	13	2625
236	14	4264
236	15	11514
236	16	2038
236	17	3
236	24	299
236	25	171
236	26	195
236	27	219
236	28	52
236	29	14
236	30	7
236	31	15
236	32	12
236	33	75
236	34	39
236	35	29
236	36	9
236	37	54
236	38	43
236	39	35
237	12	1270
237	13	2277
237	14	3852
237	15	10542
237	16	1585
237	17	2
237	24	247
237	25	171
237	26	148
237	27	155
237	28	47
237	29	12
237	30	10
237	31	13
237	32	12
237	33	95
237	34	37
237	35	23
237	36	19
237	37	61
237	38	37
237	39	56
238	12	1468
238	13	2748
238	14	4750
238	15	13734
238	16	1967
238	17	2
238	24	346
238	25	209
238	26	235
238	27	225
238	28	87
238	29	18
238	30	10
238	31	15
238	32	6
238	33	62
238	34	40
238	35	29
238	36	6
238	37	48
238	38	43
238	39	37
239	12	1362
239	13	2517
239	14	4492
239	15	11984
239	16	1593
239	17	1
239	24	298
239	25	195
239	26	224
239	27	189
239	28	44
239	29	6
239	30	11
239	31	13
239	32	15
239	33	78
239	34	41
239	35	31
239	36	6
239	37	54
239	38	41
239	39	41
240	12	1223
240	13	2038
240	14	3728
240	15	9399
240	16	1083
240	17	2
240	24	255
240	25	149
240	26	159
240	27	121
240	28	36
240	29	9
240	30	5
240	31	10
240	32	13
240	33	69
240	34	35
240	35	23
240	36	5
240	37	48
240	38	40
240	39	35
241	12	1247
241	13	2217
241	14	3918
241	15	10124
241	16	1077
241	24	272
241	25	140
241	26	168
241	27	106
241	28	45
241	29	9
241	30	9
241	31	10
241	32	10
241	33	81
241	34	41
241	35	14
241	36	10
241	37	48
241	38	42
241	39	47
242	12	1386
242	13	2636
242	14	4644
242	15	12623
242	16	1227
242	24	360
242	25	200
242	26	216
242	27	152
242	28	53
242	29	7
242	30	13
242	31	7
242	32	8
242	33	60
242	34	37
242	35	14
242	36	8
242	37	58
242	38	40
242	39	36
243	12	1323
243	13	2479
243	14	4542
243	15	12232
243	16	1000
243	17	2
243	24	342
243	25	201
243	26	214
243	27	124
243	28	59
243	29	9
243	30	7
243	31	19
243	32	17
243	33	95
243	34	31
243	35	23
243	36	4
243	37	58
243	38	50
243	39	53
244	12	1265
244	13	2223
244	14	4066
244	15	10497
244	16	819
244	24	270
244	25	176
244	26	171
244	27	108
244	28	51
244	29	7
244	30	10
244	31	8
244	32	13
244	33	88
244	34	43
244	35	23
244	36	15
244	37	51
244	38	47
244	39	37
245	12	995
245	13	1857
245	14	3441
245	15	9073
245	16	618
245	24	210
245	25	136
245	26	145
245	27	77
245	28	26
245	29	7
245	30	8
245	31	8
245	32	15
245	33	70
245	34	32
245	35	16
245	36	5
245	37	52
245	38	31
245	39	39
246	12	1115
246	13	2206
246	14	3990
246	15	10894
246	16	629
246	24	300
246	25	187
246	26	196
246	27	114
246	28	48
246	29	3
246	30	7
246	31	6
246	32	14
246	33	54
246	34	45
246	35	23
246	36	8
246	37	43
246	38	32
246	39	39
247	12	1200
247	13	2041
247	14	3927
247	15	10137
247	16	507
247	24	259
247	25	155
247	26	157
247	27	79
247	28	39
247	29	4
247	30	7
247	31	13
247	32	18
247	33	74
247	34	50
247	35	24
247	36	8
247	37	50
247	38	41
247	39	44
248	12	1150
248	13	2024
248	14	4121
248	15	9774
248	16	432
248	24	271
248	25	155
248	26	197
248	27	80
248	28	41
248	29	8
248	30	18
248	31	13
248	32	13
248	33	72
248	34	40
248	35	16
248	36	6
248	37	62
248	38	42
248	39	35
249	12	4728
249	13	8555
249	14	11866
249	15	29780
249	16	1256
249	24	1081
249	25	580
249	26	704
249	27	300
249	28	130
249	29	22
249	30	36
249	31	34
249	32	43
249	33	185
249	34	93
249	35	20
249	36	6
249	37	71
249	38	35
249	39	19
