pos	char	qual	count
0	A	14	3068
0	A	21	298
0	A	27	1320
0	A	32	5658
0	A	36	25787
0	C	14	9
0	G	14	6
0	T	14	16
1	A	14	6
1	C	14	20
1	G	14	3076
1	G	21	215
1	G	27	1457
1	G	32	5357
1	G	36	25982
1	T	14	49
2	A	14	8212
2	A	21	1158
2	A	27	2127
2	A	32	8235
2	A	36	16328
2	C	14	80
2	C	21	4
2	G	14	7
2	G	36	1
2	T	14	6
2	T	32	1
2	T	36	3
3	A	14	45
3	A	36	6
3	C	36	3
3	G	14	65
3	G	21	1
3	T	14	2411
3	T	21	105
3	T	27	931
3	T	32	3419
3	T	36	29176
4	A	14	99
4	A	21	4
4	A	32	1
4	A	36	7
4	C	14	3098
4	C	21	377
4	C	27	3353
4	C	32	8759
4	C	36	20448
4	G	14	11
4	T	14	1
4	T	27	1
4	T	36	3
5	A	14	10
5	A	27	2
5	A	32	1
5	A	36	7
5	C	14	24
5	C	36	1
5	G	14	4447
5	G	21	326
5	G	27	2766
5	G	32	7716
5	G	36	20695
5	T	14	159
5	T	32	2
5	T	36	6
6	A	14	5
6	A	27	2
6	A	32	9
6	A	36	27
6	C	14	27
6	G	14	3305
6	G	21	259
6	G	27	1885
6	G	32	5869
6	G	36	24723
6	T	14	45
6	T	27	2
6	T	36	4
7	A	14	2250
7	A	21	105
7	A	27	1538
7	A	32	5235
7	A	36	26406
7	C	14	6
7	G	14	23
7	G	27	1
7	G	32	3
7	G	36	15
7	T	14	19
7	T	21	1
7	T	32	1
7	T	36	1
8	A	14	3424
8	A	21	110
8	A	27	1492
8	A	32	4119
8	A	36	25827
8	C	14	8
8	C	27	1
8	C	32	2
8	C	36	1
8	G	14	23
8	G	21	1
8	G	27	1
8	G	32	6
8	G	36	43
8	T	14	34
8	T	36	3
9	A	14	26
9	A	21	1
9	A	27	10
9	A	32	11
9	A	36	63
9	C	14	25
9	C	32	1
9	C	36	1
9	G	14	2609
9	G	21	146
9	G	27	1649
9	G	32	5658
9	G	36	24407
9	T	14	20
9	T	32	1
10	A	14	11446
10	A	21	1109
10	A	27	2279
10	A	32	7987
10	A	36	10981
10	C	14	187
10	C	21	3
10	C	27	5
10	C	32	9
10	C	36	11
10	G	14	43
10	G	21	1
10	G	27	5
10	G	32	14
10	G	36	68
10	T	14	3
10	T	36	1
11	A	14	18
11	A	21	1
11	A	27	3
11	A	32	12
11	A	36	18
11	C	14	87
11	C	21	2
11	C	27	9
11	C	32	26
11	C	36	62
11	G	14	3737
11	G	21	221
11	G	27	2195
11	G	32	6297
11	G	36	20892
11	T	14	58
12	A	14	178
12	A	21	4
12	A	27	19
12	A	32	30
12	A	36	44
12	C	14	2712
12	C	21	571
12	C	27	2943
12	C	32	8174
12	C	36	18400
12	G	14	19
12	G	27	3
12	G	32	4
12	G	36	16
12	T	14	4
12	T	36	6
13	A	14	6504
13	A	21	765
13	A	27	4401
13	A	32	9966
13	A	36	10551
13	C	14	214
13	C	21	10
13	C	27	16
13	C	32	50
13	C	36	98
13	G	14	30
13	G	27	3
13	G	32	3
13	G	36	3
13	T	14	36
13	T	27	2
13	T	36	1
14	A	14	102
14	A	27	22
14	A	32	41
14	A	36	66
14	C	14	1812
14	C	21	504
14	C	27	2241
14	C	32	8384
14	C	36	18947
14	G	14	22
14	G	32	2
14	G	36	7
14	T	32	2
14	T	36	7
15	A	14	6490
15	A	21	409
15	A	27	3618
15	A	32	8012
15	A	36	12526
15	C	14	337
15	C	21	8
15	C	27	28
15	C	32	33
15	C	36	123
15	G	14	15
15	G	27	4
15	G	32	3
15	G	36	15
15	T	14	20
15	T	36	3
16	A	14	59
16	A	27	1
16	A	32	7
16	A	36	18
16	C	14	1667
16	C	21	451
16	C	27	2098
16	C	32	6626
16	C	36	20050
16	G	14	43
16	G	27	8
16	G	32	31
16	G	36	115
16	T	14	3
16	T	21	1
16	T	32	4
16	T	36	22
17	A	14	8
17	A	27	1
17	A	32	5
17	A	36	9
17	C	14	43
17	C	27	2
17	C	32	18
17	C	36	31
17	G	14	2867
17	G	21	283
17	G	27	1860
17	G	32	6394
17	G	36	18946
17	T	14	69
17	T	27	9
17	T	32	21
17	T	36	130
18	A	14	78
18	A	32	3
18	A	36	5
18	C	14	13
18	C	21	1
18	C	27	5
18	C	32	33
18	C	36	130
18	G	14	172
18	G	21	4
18	G	27	10
18	G	32	7
18	G	36	27
18	T	14	2771
18	T	21	112
18	T	27	1322
18	T	32	3115
18	T	36	22423
19	A	14	67
19	A	27	4
19	A	32	4
19	A	36	8
19	C	14	1415
19	C	21	297
19	C	27	1407
19	C	32	5398
19	C	36	20847
19	G	14	56
19	G	21	1
19	G	27	3
19	G	32	2
19	G	36	19
19	T	14	21
19	T	27	6
19	T	32	29
19	T	36	172
20	A	14	68
20	A	32	12
20	A	36	16
20	C	14	4
20	C	27	3
20	C	32	11
20	C	36	31
20	G	14	163
20	G	21	6
20	G	27	13
20	G	32	37
20	G	36	140
20	T	14	2465
20	T	21	157
20	T	27	1147
20	T	32	3377
20	T	36	21661
21	A	14	73
21	A	21	6
21	A	27	22
21	A	32	51
21	A	36	99
21	C	14	32
21	C	21	1
21	C	27	1
21	C	32	1
21	C	36	5
21	G	14	2422
21	G	21	270
21	G	27	1100
21	G	32	4936
21	G	36	19754
21	T	14	24
21	T	32	2
21	T	36	35
22	A	14	9650
22	A	21	498
22	A	27	2504
22	A	32	6392
22	A	36	9066
22	C	14	147
22	C	21	3
22	C	27	5
22	C	32	8
22	C	36	20
22	G	14	22
22	G	27	2
22	G	32	9
22	G	36	33
22	T	14	6
22	T	36	6
23	A	14	8668
23	A	21	389
23	A	27	3049
23	A	32	5328
23	A	36	9907
23	C	14	145
23	C	21	5
23	C	27	7
23	C	32	32
23	C	36	190
23	G	14	79
23	G	27	1
23	G	32	2
23	G	36	2
23	T	14	60
23	T	32	7
23	T	36	20
24	A	14	72
24	A	21	1
24	A	27	9
24	A	32	13
24	A	36	18
24	C	14	1506
24	C	21	306
24	C	27	1305
24	C	32	3518
24	C	36	20411
24	G	14	44
24	G	36	2
24	T	14	26
24	T	27	3
24	T	32	32
24	T	36	185
25	A	14	97
25	A	21	1
25	A	27	4
25	A	32	5
25	A	36	9
25	C	14	25
25	C	21	4
25	C	27	17
25	C	32	70
25	C	36	223
25	G	14	253
25	G	21	2
25	G	27	4
25	G	32	6
25	G	36	1
25	T	14	1872
25	T	21	98
25	T	27	903
25	T	32	3116
25	T	36	20290
26	A	14	100
26	A	27	4
26	A	32	11
26	A	36	17
26	C	14	1652
26	C	21	305
26	C	27	1387
26	C	32	4610
26	C	36	18325
26	G	14	29
26	G	27	1
26	G	32	3
26	G	36	7
26	T	14	6
26	T	27	2
26	T	32	7
26	T	36	33
27	A	14	122
27	A	21	2
27	A	27	22
27	A	32	59
27	A	36	162
27	C	14	1833
27	C	21	385
27	C	27	1737
27	C	32	6255
27	C	36	15355
27	G	14	55
27	G	21	1
27	G	27	2
27	G	32	7
27	G	36	18
27	T	14	1
27	T	32	3
27	T	36	14
28	A	14	3689
28	A	21	242
28	A	27	2327
28	A	32	6371
28	A	36	12416
28	C	14	93
28	C	27	9
28	C	32	17
28	C	36	30
28	G	14	57
28	G	21	1
28	G	27	17
28	G	32	56
28	G	36	181
28	T	14	10
28	T	27	2
28	T	32	4
28	T	36	26
29	A	14	16
29	A	27	8
29	A	32	17
29	A	36	25
29	C	14	47
29	C	21	1
29	C	27	2
29	C	32	6
29	C	36	26
29	G	14	2314
29	G	21	168
29	G	27	1542
29	G	32	4761
29	G	36	15867
29	T	14	62
29	T	21	2
29	T	27	11
29	T	32	23
29	T	36	203
30	A	14	75
30	A	21	2
30	A	27	5
30	A	32	13
30	A	36	16
30	C	14	20
30	C	21	2
30	C	27	18
30	C	32	46
30	C	36	187
30	G	14	203
30	G	21	3
30	G	27	1
30	G	32	12
30	G	36	30
30	T	14	2107
30	T	21	77
30	T	27	1007
30	T	32	2180
30	T	36	18628
31	A	14	103
31	A	21	4
31	A	27	38
31	A	32	66
31	A	36	102
31	C	14	1076
31	C	21	270
31	C	27	1045
31	C	32	3703
31	C	36	17691
31	G	14	30
31	G	36	1
31	T	14	9
31	T	21	1
31	T	27	1
31	T	32	4
31	T	36	34
32	A	14	4661
32	A	21	368
32	A	27	2445
32	A	32	5919
32	A	36	9758
32	C	14	189
32	C	21	15
32	C	27	34
32	C	32	58
32	C	36	182
32	G	14	13
32	G	36	1
32	T	14	10
32	T	27	1
32	T	36	8
33	A	14	79
33	A	21	3
33	A	27	29
33	A	32	68
33	A	36	159
33	C	14	1865
33	C	21	316
33	C	27	1583
33	C	32	5037
33	C	36	13996
33	G	14	33
33	G	27	1
33	G	36	5
33	T	14	1
33	T	27	2
33	T	32	10
33	T	36	19
34	A	14	2945
34	A	21	235
34	A	27	1758
34	A	32	4624
34	A	36	12777
34	C	14	34
34	C	27	1
34	C	32	13
34	C	36	26
34	G	14	21
34	G	32	3
34	G	36	9
34	T	14	45
34	T	21	4
34	T	27	17
34	T	32	35
34	T	36	158
35	A	14	106
35	A	27	16
35	A	32	34
35	A	36	200
35	C	14	2
35	C	27	1
35	C	32	1
35	C	36	2
35	G	14	99
35	G	27	4
35	G	32	2
35	G	36	30
35	T	14	2784
35	T	21	143
35	T	27	1393
35	T	32	3517
35	T	36	13897
36	A	14	1812
36	A	21	66
36	A	27	901
36	A	32	2744
36	A	36	15865
36	C	14	10
36	C	36	4
36	G	14	65
36	G	21	2
36	G	27	7
36	G	32	35
36	G	36	200
36	T	14	30
36	T	27	2
36	T	32	7
36	T	36	32
37	A	14	10
37	A	27	1
37	A	32	5
37	A	36	35
37	C	14	49
37	C	27	1
37	C	32	4
37	C	36	6
37	G	14	1862
37	G	21	122
37	G	27	884
37	G	32	3102
37	G	36	15170
37	T	14	19
37	T	27	3
37	T	32	5
37	T	36	26
38	A	14	15
38	A	27	4
38	A	32	2
38	C	14	82
38	C	27	1
38	C	32	4
38	C	36	30
38	G	14	2260
38	G	21	151
38	G	27	897
38	G	32	2895
38	G	36	14202
38	T	14	62
38	T	21	1
38	T	27	7
38	T	32	19
38	T	36	161
39	A	14	66
39	A	27	1
39	A	32	3
39	A	36	3
39	C	14	27
39	C	21	3
39	C	27	14
39	C	32	47
39	C	36	151
39	G	14	240
39	G	21	1
39	G	27	7
39	G	32	11
39	G	36	25
39	T	14	2216
39	T	21	62
39	T	27	711
39	T	32	1722
39	T	36	14927
40	A	14	70
40	A	27	1
40	A	32	2
40	A	36	11
40	C	14	1583
40	C	21	251
40	C	27	1081
40	C	32	3310
40	C	36	13358
40	G	14	42
40	G	21	1
40	G	32	1
40	G	36	2
40	T	14	13
40	T	27	2
40	T	32	3
40	T	36	29
41	A	14	260
41	A	21	3
41	A	27	29
41	A	32	27
41	A	36	18
41	C	14	3135
41	C	21	403
41	C	27	1897
41	C	32	4786
41	C	36	8534
41	G	14	135
41	G	21	1
41	G	27	1
41	G	32	1
41	G	36	2
41	T	14	22
41	T	27	4
41	T	32	4
41	T	36	2
42	A	14	12307
42	A	21	304
42	A	27	1901
42	A	32	1865
42	A	36	1252
42	C	14	663
42	C	21	11
42	C	27	29
42	C	32	23
42	C	36	26
42	G	14	207
42	G	27	3
42	G	36	1
42	T	14	191
42	T	21	1
42	T	27	24
42	T	32	10
42	T	36	11
43	A	14	64
43	A	21	1
43	A	27	2
43	A	32	2
43	A	36	2
43	C	14	126
43	C	21	6
43	C	27	26
43	C	32	27
43	C	36	11
43	G	14	2359
43	G	21	44
43	G	27	79
43	G	32	43
43	G	36	15
43	T	14	12516
43	T	21	192
43	T	27	1446
43	T	32	939
43	T	36	472
44	A	14	503
44	A	27	1
44	A	36	1
44	C	14	10032
44	C	21	927
44	C	27	1908
44	C	32	1460
44	C	36	640
44	G	14	2156
44	G	21	17
44	G	27	27
44	G	32	8
44	G	36	8
44	T	14	151
44	T	21	7
44	T	27	28
44	T	32	25
44	T	36	10
45	A	14	76
45	A	32	1
45	A	36	1
45	C	14	79
45	C	21	6
45	C	27	30
45	C	32	53
45	C	36	66
45	G	14	2170
45	G	21	82
45	G	27	112
45	G	32	44
45	G	36	21
45	T	14	10190
45	T	21	394
45	T	27	1892
45	T	32	1384
45	T	36	855
46	A	14	178
46	A	27	1
46	A	36	1
46	C	14	3574
46	C	21	543
46	C	27	1908
46	C	32	3593
46	C	36	6644
46	G	14	352
46	G	21	6
46	G	27	28
46	G	32	40
46	G	36	91
46	T	14	36
46	T	21	1
46	T	27	3
46	T	32	7
46	T	36	9
47	A	14	18
47	A	27	3
47	A	32	5
47	A	36	8
47	C	14	164
47	C	21	1
47	C	27	2
47	C	32	6
47	C	36	13
47	G	14	2972
47	G	21	258
47	G	27	1506
47	G	32	3499
47	G	36	7876
47	T	14	100
47	T	21	1
47	T	27	25
47	T	32	45
47	T	36	36
48	A	14	161
48	A	27	16
48	A	32	26
48	A	36	50
48	C	14	3
48	C	32	1
48	C	36	2
48	G	14	838
48	G	21	4
48	G	27	25
48	G	32	17
48	G	36	22
48	T	14	6971
48	T	21	193
48	T	27	1482
48	T	32	2607
48	T	36	3678
49	A	14	7951
49	A	21	71
49	A	27	1442
49	A	32	1869
49	A	36	3427
49	C	14	83
49	C	27	4
49	C	32	1
49	C	36	2
49	G	14	277
49	G	27	2
49	G	32	5
49	G	36	12
49	T	14	361
49	T	21	4
49	T	27	31
49	T	32	31
49	T	36	83
50	A	14	223
50	A	27	9
50	A	32	2
50	A	36	6
50	C	14	9
50	C	27	2
50	C	32	3
50	C	36	15
50	G	14	243
50	G	21	5
50	G	27	25
50	G	32	28
50	G	36	88
50	T	14	4325
50	T	21	184
50	T	27	1562
50	T	32	2199
50	T	36	6284
51	A	14	5
51	C	14	96
51	C	21	1
51	C	27	21
51	C	32	31
51	C	36	56
51	G	14	2466
51	G	21	266
51	G	27	1388
51	G	32	2770
51	G	36	7437
51	T	14	176
51	T	21	1
51	T	27	4
51	T	32	7
51	T	36	14
52	A	14	115
52	A	27	1
52	C	14	4876
52	C	21	269
52	C	27	1717
52	C	32	2474
52	C	36	4324
52	G	14	453
52	G	21	3
52	G	27	7
52	G	32	6
52	G	36	26
52	T	14	3
52	T	21	1
52	T	32	3
53	A	14	102
53	A	21	2
53	C	14	2776
53	C	21	412
53	C	27	1508
53	C	32	2948
53	C	36	5739
53	G	14	176
53	G	21	5
53	G	27	16
53	G	32	27
53	G	36	88
53	T	14	13
53	T	27	1
53	T	32	4
53	T	36	3
54	A	14	6
54	A	27	1
54	C	14	157
54	C	21	1
54	C	27	4
54	C	32	10
54	C	36	17
54	G	14	2539
54	G	21	197
54	G	27	1206
54	G	32	2689
54	G	36	6392
54	T	14	91
54	T	21	2
54	T	27	10
54	T	32	30
54	T	36	31
55	A	14	59
55	A	27	1
55	C	14	78
55	C	21	3
55	C	27	10
55	C	32	23
55	C	36	47
55	G	14	1155
55	G	21	20
55	G	27	63
55	G	32	44
55	G	36	39
55	T	14	5921
55	T	21	171
55	T	27	1128
55	T	32	1860
55	T	36	2280
56	A	14	98
56	A	21	2
56	A	27	1
56	C	14	3955
56	C	21	277
56	C	27	1350
56	C	32	1916
56	C	36	3999
56	G	14	678
56	G	21	2
56	G	27	9
56	G	32	6
56	G	36	1
56	T	14	104
56	T	21	3
56	T	27	13
56	T	32	23
56	T	36	19
57	A	14	195
57	A	27	1
57	C	14	22
57	C	27	5
57	C	32	9
57	C	36	11
57	G	14	2245
57	G	21	28
57	G	27	55
57	G	32	38
57	G	36	8
57	T	14	6962
57	T	21	225
57	T	27	566
57	T	32	919
57	T	36	721
58	A	14	67
58	C	14	66
58	C	21	2
58	C	27	18
58	C	32	14
58	C	36	27
58	G	14	395
58	G	21	1
58	G	27	3
58	G	32	4
58	G	36	2
58	T	14	3991
58	T	21	227
58	T	27	1415
58	T	32	2060
58	T	36	3278
59	A	14	154
59	C	14	4261
59	C	21	221
59	C	27	1262
59	C	32	1538
59	C	36	2621
59	G	14	876
59	G	21	8
59	G	27	21
59	G	32	6
59	G	36	12
59	T	14	94
59	T	21	2
59	T	27	12
59	T	32	12
59	T	36	21
60	A	14	222
60	C	14	19
60	C	32	6
60	C	36	13
60	G	14	1541
60	G	21	47
60	G	27	70
60	G	32	57
60	G	36	73
60	T	14	5888
60	T	21	199
60	T	27	719
60	T	32	934
60	T	36	904
61	A	14	7
61	C	14	83
61	C	27	11
61	C	32	15
61	C	36	23
61	G	14	1728
61	G	21	294
61	G	27	1098
61	G	32	2283
61	G	36	4594
61	T	14	124
61	T	21	3
61	T	27	3
61	T	32	4
61	T	36	4
62	A	14	57
62	A	27	2
62	C	14	3758
62	C	21	107
62	C	27	1024
62	C	32	1445
62	C	36	2759
62	G	14	614
62	G	21	1
62	G	27	13
62	G	32	12
62	G	36	16
62	T	14	68
62	T	21	1
62	T	27	7
62	T	32	7
62	T	36	7
63	A	14	201
63	A	27	3
63	C	14	16
63	C	21	1
63	C	27	2
63	C	32	3
63	C	36	6
63	G	14	1949
63	G	21	35
63	G	27	60
63	G	32	26
63	G	36	13
63	T	14	5346
63	T	21	180
63	T	27	470
63	T	32	697
63	T	36	473
64	A	14	73
64	A	36	2
64	C	14	1
64	C	21	1
64	G	14	328
64	G	21	4
64	G	27	19
64	G	32	29
64	G	36	46
64	T	14	3429
64	T	21	173
64	T	27	1135
64	T	32	1422
64	T	36	2404
65	A	14	90
65	A	27	4
65	A	32	13
65	A	36	9
65	C	14	17
65	G	14	1387
65	G	21	199
65	G	27	872
65	G	32	1664
65	G	36	4285
65	T	14	113
65	T	21	1
65	T	27	5
65	T	32	2
65	T	36	5
66	A	14	5933
66	A	21	40
66	A	27	509
66	A	32	521
66	A	36	567
66	C	14	205
66	C	21	4
66	C	27	1
66	C	32	2
66	G	14	391
66	G	27	1
66	G	32	8
66	G	36	8
66	T	14	93
67	A	14	4099
67	A	21	100
67	A	27	888
67	A	32	1107
67	A	36	1545
67	C	14	9
67	C	27	1
67	G	14	40
67	G	21	1
67	G	32	1
67	T	14	108
67	T	27	1
68	A	14	3538
68	A	21	66
68	A	27	747
68	A	32	1125
68	A	36	1927
68	C	14	10
68	G	14	45
68	G	21	1
68	T	14	86
68	T	32	1
69	A	14	3090
69	A	21	63
69	A	27	705
69	A	32	1204
69	A	36	2013
69	C	14	11
69	G	14	41
69	G	27	2
69	T	14	59
70	A	14	3103
70	A	21	58
70	A	27	544
70	A	32	1161
70	A	36	1873
70	C	14	16
70	G	14	33
70	T	14	49
71	A	14	2932
71	A	21	53
71	A	27	482
71	A	32	1093
71	A	36	1847
71	C	14	18
71	G	14	40
71	T	14	43
72	A	14	4316
72	A	21	66
72	A	27	310
72	A	32	610
72	A	36	615
72	C	14	39
72	C	32	1
72	G	14	127
72	G	36	1
72	T	14	88
72	T	32	1
73	A	14	4537
73	A	21	45
73	A	27	221
73	A	32	302
73	A	36	270
73	C	14	75
73	C	27	1
73	G	14	293
73	G	27	1
73	G	32	2
73	T	14	138
73	T	27	2
74	A	14	4266
74	A	21	24
74	A	27	121
74	A	32	131
74	A	36	79
74	C	14	144
74	C	21	1
74	C	27	2
74	G	14	662
74	G	21	1
74	G	27	3
74	G	36	2
74	T	14	176
74	T	27	1
75	A	14	2368
75	A	21	2
75	A	27	20
75	A	32	13
75	A	36	7
75	C	14	274
75	C	21	1
75	C	32	2
75	G	14	2323
75	G	21	6
75	G	27	17
75	G	32	7
75	G	36	6
75	T	14	245
75	T	27	1
76	A	14	362
76	A	36	1
76	C	14	198
76	C	21	1
76	C	27	1
76	C	32	1
76	C	36	1
76	G	14	3674
76	G	21	75
76	G	27	252
76	G	32	165
76	G	36	71
76	T	14	174
76	T	21	2
76	T	27	3
76	T	32	1
76	T	36	1
77	A	14	63
77	C	14	110
77	G	14	2244
77	G	21	100
77	G	27	562
77	G	32	723
77	G	36	783
77	T	14	108
78	A	14	30
78	C	14	77
78	C	27	1
78	G	14	1416
78	G	21	83
78	G	27	482
78	G	32	667
78	G	36	1587
78	T	14	58
79	A	14	17
79	C	14	44
79	G	14	1033
79	G	21	47
79	G	27	403
79	G	32	604
79	G	36	1942
79	T	14	45
80	A	14	11
80	C	14	29
80	G	14	845
80	G	21	53
80	G	27	324
80	G	32	537
80	G	36	2067
80	T	14	31
81	A	14	4
81	C	14	24
81	G	14	716
81	G	21	36
81	G	27	277
81	G	32	513
81	G	36	2076
81	T	14	15
82	A	14	2
82	C	14	26
82	C	27	1
82	G	14	605
82	G	21	22
82	G	27	247
82	G	32	505
82	G	36	1998
82	T	14	15
82	T	36	1
83	A	14	2
83	C	14	17
83	G	14	547
83	G	21	24
83	G	27	209
83	G	32	438
83	G	36	1942
83	T	14	17
84	A	14	3
84	C	14	13
84	G	14	479
84	G	21	18
84	G	27	149
84	G	32	442
84	G	36	1879
84	T	14	12
85	A	14	2
85	C	14	13
85	C	27	1
85	G	14	412
85	G	21	30
85	G	27	157
85	G	32	399
85	G	36	1769
85	T	14	11
86	A	14	1
86	C	14	11
86	G	14	350
86	G	21	13
86	G	27	150
86	G	32	420
86	G	36	1653
86	T	14	8
87	A	14	2
87	C	14	7
87	G	14	357
87	G	21	18
87	G	27	147
87	G	32	343
87	G	36	1523
87	T	14	10
88	A	14	1
88	C	14	8
88	G	14	291
88	G	21	10
88	G	27	131
88	G	32	341
88	G	36	1454
88	T	14	2
88	T	21	1
89	C	14	5
89	G	14	280
89	G	21	15
89	G	27	117
89	G	32	325
89	G	36	1341
89	T	14	4
90	C	14	9
90	G	14	250
90	G	21	14
90	G	27	102
90	G	32	283
90	G	36	1258
90	T	14	6
91	C	14	6
91	G	14	227
91	G	21	12
91	G	27	100
91	G	32	285
91	G	36	1131
91	T	14	6
92	A	14	3
92	C	14	7
92	G	14	174
92	G	21	15
92	G	27	88
92	G	32	269
92	G	36	1056
92	T	14	4
93	C	14	7
93	G	14	167
93	G	21	10
93	G	27	84
93	G	32	233
93	G	36	959
93	T	14	5
94	C	14	8
94	G	14	175
94	G	21	10
94	G	27	74
94	G	32	234
94	G	36	833
94	T	14	2
95	C	14	4
95	G	14	147
95	G	21	6
95	G	27	70
95	G	32	195
95	G	36	789
95	T	14	3
96	C	14	2
96	G	14	141
96	G	21	10
96	G	27	69
96	G	32	179
96	G	36	681
96	T	14	3
97	C	14	4
97	G	14	128
97	G	21	8
97	G	27	57
97	G	32	165
97	G	36	593
97	T	14	2
98	C	14	2
98	G	14	117
98	G	21	13
98	G	27	52
98	G	32	142
98	G	36	535
98	T	14	2
99	C	14	1
99	G	14	104
99	G	21	9
99	G	27	54
99	G	32	135
99	G	36	461
100	C	14	4
100	C	27	1
100	G	14	102
100	G	21	7
100	G	27	42
100	G	32	107
100	G	36	387
100	T	14	3
101	C	14	3
101	G	14	87
101	G	21	2
101	G	27	31
101	G	32	90
101	G	36	375
101	T	14	6
102	C	14	4
102	G	14	77
102	G	21	6
102	G	27	22
102	G	32	109
102	G	36	307
103	G	14	56
103	G	21	6
103	G	27	37
103	G	32	81
103	G	36	269
103	T	14	1
104	C	14	2
104	G	14	52
104	G	21	6
104	G	27	19
104	G	32	61
104	G	36	245
105	G	14	42
105	G	21	5
105	G	27	24
105	G	32	54
105	G	36	216
105	T	14	1
106	C	14	2
106	G	14	47
106	G	21	4
106	G	27	20
106	G	32	57
106	G	36	167
107	C	14	3
107	G	14	35
107	G	21	2
107	G	27	13
107	G	32	55
107	G	36	147
108	C	14	1
108	G	14	32
108	G	21	6
108	G	27	8
108	G	32	34
108	G	36	130
108	T	14	1
109	C	14	1
109	G	14	24
109	G	21	1
109	G	27	4
109	G	32	33
109	G	36	122
110	G	14	16
110	G	21	1
110	G	27	14
110	G	32	22
110	G	36	105
110	T	14	1
111	G	14	23
111	G	21	1
111	G	27	9
111	G	32	28
111	G	36	77
112	G	14	19
112	G	21	2
112	G	27	8
112	G	32	22
112	G	36	66
113	G	14	17
113	G	27	6
113	G	32	18
113	G	36	57
113	T	14	1
114	G	14	9
114	G	27	7
114	G	32	15
114	G	36	54
115	G	14	11
115	G	27	2
115	G	32	15
115	G	36	46
115	T	14	1
116	G	14	10
116	G	21	1
116	G	27	5
116	G	32	12
116	G	36	39
117	G	14	10
117	G	21	1
117	G	27	1
117	G	32	13
117	G	36	33
118	G	14	11
118	G	21	1
118	G	27	2
118	G	32	13
118	G	36	28
119	G	14	8
119	G	27	3
119	G	32	5
119	G	36	29
120	G	14	6
120	G	27	4
120	G	32	9
120	G	36	21
121	G	14	7
121	G	21	1
121	G	32	4
121	G	36	21
122	G	14	3
122	G	27	2
122	G	32	8
122	G	36	17
122	T	14	1
123	G	14	2
123	G	27	2
123	G	32	7
123	G	36	12
124	G	14	1
124	G	27	2
124	G	32	7
124	G	36	11
125	G	14	3
125	G	21	2
125	G	27	1
125	G	32	2
125	G	36	11
126	G	14	4
126	G	32	2
126	G	36	12
127	G	14	4
127	G	27	1
127	G	32	1
127	G	36	11
128	G	14	3
128	G	32	4
128	G	36	9
129	C	14	1
129	G	14	1
129	G	32	4
129	G	36	8
129	T	14	1
130	G	14	3
130	G	27	1
130	G	32	1
130	G	36	7
131	G	14	2
131	G	27	2
131	G	32	1
131	G	36	6
132	G	14	2
132	G	27	3
132	G	32	1
132	G	36	5
133	G	14	2
133	G	27	1
133	G	32	3
133	G	36	2
134	G	32	2
134	G	36	2
135	G	14	2
135	G	21	1
135	G	36	1
136	G	21	1
136	G	27	1
136	G	32	1
137	G	32	1
137	G	36	2
138	G	27	1
138	G	36	2
139	G	27	1
139	G	36	2
140	G	14	1
140	G	27	2
