position	quality	count
0	14	306
0	21	194
0	27	11
0	32	6994
0	36	42
1	14	283
1	21	122
1	27	2
1	32	7130
1	36	45
2	14	184
2	21	129
2	27	1
2	32	7215
2	36	50
3	14	154
3	21	192
3	27	9
3	32	7180
3	36	51
4	14	96
4	21	194
4	27	5
4	32	7244
4	36	48
5	14	129
5	21	298
5	27	4
5	32	341
5	36	6811
6	14	116
6	21	246
6	27	3
6	32	338
6	36	6881
7	14	136
7	21	220
7	27	9
7	32	325
7	36	6891
8	14	134
8	21	245
8	27	8
8	32	286
8	36	6912
9	14	152
9	21	238
9	27	10
9	32	330
9	36	6858
10	14	170
10	21	270
10	27	12
10	32	322
10	36	6811
11	14	168
11	21	236
11	27	9
11	32	327
11	36	6844
12	14	201
12	21	202
12	27	9
12	32	315
12	36	6858
13	14	184
13	21	191
13	27	7
13	32	339
13	36	6865
14	14	199
14	21	205
14	27	10
14	32	364
14	36	6809
15	14	237
15	21	199
15	27	13
15	32	301
15	36	6835
16	14	203
16	21	171
16	27	8
16	32	322
16	36	6882
17	14	205
17	21	177
17	27	13
17	32	354
17	36	6833
18	14	246
18	21	179
18	27	9
18	32	307
18	36	6843
19	14	235
19	21	160
19	27	9
19	32	350
19	36	6827
20	14	232
20	21	140
20	27	12
20	32	333
20	36	6862
21	14	242
21	21	151
21	27	12
21	32	369
21	36	6804
22	14	240
22	21	151
22	27	12
22	32	333
22	36	6836
23	14	265
23	21	157
23	27	8
23	32	370
23	36	6777
24	14	265
24	21	117
24	27	13
24	32	315
24	36	6858
25	14	314
25	21	125
25	27	8
25	32	329
25	36	6795
26	14	314
26	21	131
26	27	6
26	32	310
26	36	6814
27	14	304
27	21	126
27	27	10
27	32	338
27	36	6792
28	14	314
28	21	104
28	27	7
28	32	353
28	36	6795
29	14	337
29	21	126
29	27	10
29	32	337
29	36	6763
30	14	313
30	21	113
30	27	12
30	32	367
30	36	6768
31	14	342
31	21	118
31	27	9
31	32	330
31	36	6772
32	14	313
32	21	134
32	27	14
32	32	323
32	36	6787
33	14	342
33	21	106
33	27	7
33	32	322
33	36	6795
34	14	353
34	21	131
34	27	15
34	32	334
34	36	6741
35	14	329
35	21	129
35	27	18
35	32	281
35	36	6809
36	14	347
36	21	145
36	27	18
36	32	309
36	36	6749
37	14	343
37	21	136
37	27	24
37	32	274
37	36	6797
38	14	340
38	21	134
38	27	15
38	32	316
38	36	6759
39	14	373
39	21	128
39	27	18
39	32	342
39	36	6707
40	14	341
40	21	126
40	27	22
40	32	317
40	36	6760
41	14	378
41	21	131
41	27	26
41	32	354
41	36	6669
42	14	373
42	21	122
42	27	25
42	32	355
42	36	6680
43	14	370
43	21	128
43	27	20
43	32	395
43	36	6646
44	14	385
44	21	141
44	27	18
44	32	423
44	36	6591
45	14	387
45	21	123
45	27	25
45	32	456
45	36	6551
46	14	399
46	21	99
46	27	33
46	32	414
46	36	6597
47	14	386
47	21	133
47	27	31
47	32	450
47	36	6534
48	14	408
48	21	115
48	27	40
48	32	464
48	36	6503
49	14	385
49	21	112
49	27	42
49	32	465
49	36	6526
50	14	419
50	21	130
50	27	45
50	32	511
50	36	6427
51	14	394
51	21	122
51	27	62
51	32	506
51	36	6434
52	14	429
52	21	122
52	27	57
52	32	565
52	36	6336
53	14	408
53	21	148
53	27	73
53	32	523
53	36	6354
54	14	403
54	21	124
54	27	91
54	32	575
54	36	6316
55	14	418
55	21	118
55	27	74
55	32	571
55	36	6311
56	14	434
56	21	127
56	27	94
56	32	577
56	36	6253
57	14	425
57	21	101
57	27	82
57	32	565
57	36	6295
58	14	441
58	21	123
58	27	77
58	32	561
58	36	6273
59	14	461
59	21	110
59	27	97
59	32	599
59	36	6198
60	14	458
60	21	92
60	27	93
60	32	557
60	36	6247
61	14	497
61	21	88
61	27	111
61	32	618
61	36	6130
62	14	497
62	21	77
62	27	119
62	32	606
62	36	6135
63	14	481
63	21	78
63	27	85
63	32	599
63	36	6180
64	14	479
64	21	76
64	27	74
64	32	595
64	36	6196
65	14	500
65	21	65
65	27	96
65	32	546
65	36	6195
66	14	498
66	21	72
66	27	93
66	32	594
66	36	6136
67	14	502
67	21	66
67	27	101
67	32	593
67	36	6119
68	14	488
68	21	70
68	27	91
68	32	649
68	36	6065
69	14	559
69	21	67
69	27	108
69	32	630
69	36	5993
70	14	529
70	21	60
70	27	91
70	32	642
70	36	6020
71	14	550
71	21	57
71	27	83
71	32	650
71	36	5991
72	14	525
72	21	69
72	27	100
72	32	673
72	36	5951
73	14	458
73	21	50
73	27	120
73	32	641
73	36	6027
74	14	512
74	21	64
74	27	101
74	32	679
74	36	5922
75	14	562
75	21	79
75	27	102
75	32	701
75	36	5811
76	14	527
76	21	60
76	27	116
76	32	692
76	36	5839
77	14	536
77	21	63
77	27	132
77	32	736
77	36	5756
78	14	595
78	21	70
78	27	143
78	32	695
78	36	5709
79	14	542
79	21	79
79	27	118
79	32	680
79	36	5769
80	14	580
80	21	72
80	27	141
80	32	637
80	36	5745
81	14	546
81	21	62
81	27	172
81	32	632
81	36	5746
82	14	527
82	21	60
82	27	170
82	32	678
82	36	5703
83	14	566
83	21	71
83	27	194
83	32	673
83	36	5610
84	14	529
84	21	84
84	27	204
84	32	650
84	36	5616
85	14	577
85	21	68
85	27	203
85	32	659
85	36	5551
86	14	563
86	21	62
86	27	227
86	32	709
86	36	5472
87	14	560
87	21	54
87	27	235
87	32	736
87	36	5424
88	14	590
88	21	60
88	27	250
88	32	759
88	36	5329
89	14	564
89	21	37
89	27	273
89	32	841
89	36	5257
90	14	559
90	21	43
90	27	253
90	32	838
90	36	5251
91	14	562
91	21	30
91	27	266
91	32	851
91	36	5218
92	14	582
92	21	37
92	27	311
92	32	864
92	36	5102
93	14	615
93	21	34
93	27	306
93	32	954
93	36	4971
94	14	599
94	21	34
94	27	368
94	32	883
94	36	4960
95	14	602
95	21	29
95	27	336
95	32	912
95	36	4942
96	14	583
96	21	33
96	27	361
96	32	977
96	36	4838
97	14	615
97	21	30
97	27	364
97	32	1015
97	36	4755
98	14	641
98	21	39
98	27	399
98	32	999
98	36	4681
99	14	667
99	21	32
99	27	341
99	32	1062
99	36	4624
100	14	622
100	21	47
100	27	375
100	32	1082
100	36	4573
101	14	642
101	21	47
101	27	398
101	32	1141
101	36	4441
102	14	646
102	21	34
102	27	380
102	32	1102
102	36	4472
103	14	654
103	21	49
103	27	355
103	32	1163
103	36	4380
104	14	668
104	21	54
104	27	401
104	32	1189
104	36	4262
105	14	625
105	21	42
105	27	362
105	32	1176
105	36	4345
106	14	599
106	21	56
106	27	332
106	32	1230
106	36	4317
107	14	614
107	21	43
107	27	368
107	32	1243
107	36	4239
108	14	646
108	21	51
108	27	363
108	32	1194
108	36	4216
109	14	617
109	21	51
109	27	362
109	32	1225
109	36	4186
110	14	613
110	21	48
110	27	375
110	32	1213
110	36	4154
111	14	608
111	21	65
111	27	364
111	32	1202
111	36	4124
112	14	599
112	21	46
112	27	363
112	32	1179
112	36	4145
113	14	640
113	21	76
113	27	348
113	32	1165
113	36	4067
114	14	639
114	21	49
114	27	376
114	32	1182
114	36	4021
115	14	629
115	21	42
115	27	378
115	32	1216
115	36	3960
116	14	645
116	21	48
116	27	343
116	32	1151
116	36	4012
117	14	670
117	21	50
117	27	328
117	32	1132
117	36	3979
118	14	592
118	21	53
118	27	351
118	32	1203
118	36	3938
119	14	656
119	21	64
119	27	345
119	32	1133
119	36	3909
120	14	679
120	21	51
120	27	329
120	32	1116
120	36	3899
121	14	648
121	21	54
121	27	332
121	32	1121
121	36	3885
122	14	643
122	21	53
122	27	336
122	32	1195
122	36	3784
123	14	663
123	21	69
123	27	308
123	32	1067
123	36	3865
124	14	638
124	21	53
124	27	352
124	32	1115
124	36	3782
125	14	606
125	21	64
125	27	318
125	32	1175
125	36	3761
126	14	680
126	21	43
126	27	345
126	32	1116
126	36	3699
127	14	601
127	21	57
127	27	331
127	32	1096
127	36	3768
128	14	662
128	21	51
128	27	322
128	32	1064
128	36	3729
129	14	628
129	21	53
129	27	336
129	32	1132
129	36	3647
130	14	644
130	21	64
130	27	334
130	32	1044
130	36	3674
131	14	626
131	21	59
131	27	345
131	32	1096
131	36	3586
132	14	625
132	21	67
132	27	364
132	32	1106
132	36	3531
133	14	586
133	21	61
133	27	350
133	32	1100
133	36	3567
134	14	639
134	21	43
134	27	324
134	32	1098
134	36	3520
135	14	620
135	21	41
135	27	341
135	32	1124
135	36	3450
136	14	671
136	21	54
136	27	329
136	32	1085
136	36	3414
137	14	611
137	21	49
137	27	339
137	32	1145
137	36	3374
138	14	640
138	21	48
138	27	306
138	32	1061
138	36	3425
139	14	644
139	21	49
139	27	329
139	32	1137
139	36	3293
140	14	606
140	21	40
140	27	333
140	32	1137
140	36	3301
141	14	611
141	21	45
141	27	321
141	32	1077
141	36	3326
142	14	616
142	21	45
142	27	356
142	32	1040
142	36	3281
143	14	580
143	21	52
143	27	340
143	32	1048
143	36	3278
144	14	614
144	21	56
144	27	343
144	32	1015
144	36	3246
145	14	618
145	21	71
145	27	324
145	32	1052
145	36	3166
146	14	590
146	21	65
146	27	323
146	32	1054
146	36	3167
147	14	636
147	21	49
147	27	321
147	32	1011
147	36	3129
148	14	583
148	21	62
148	27	346
148	32	1004
148	36	3094
149	14	605
149	21	52
149	27	322
149	32	979
149	36	3104
150	14	1366
150	21	219
150	27	661
150	32	1197
150	36	1388
