pos	char	qual	count
0	A	14	4058
0	A	21	505
0	A	27	2840
0	A	32	6433
0	A	36	22023
0	C	14	2
0	C	21	2
0	C	27	1
0	G	14	3
0	G	36	1
0	T	14	21
1	A	14	30
1	C	14	14
1	G	14	3834
1	G	21	376
1	G	27	2925
1	G	32	7951
1	G	36	20663
1	N	2	1
1	T	14	95
2	A	14	12245
2	A	21	1272
2	A	27	5545
2	A	32	6105
2	A	36	10559
2	C	14	147
2	C	21	3
2	C	27	2
2	C	32	1
2	G	14	6
2	G	32	2
2	T	14	1
2	T	36	1
3	A	14	121
3	A	36	1
3	C	27	1
3	C	36	2
3	G	14	70
3	G	32	1
3	N	2	2
3	T	14	2875
3	T	21	1101
3	T	27	4126
3	T	32	9985
3	T	36	17604
4	A	14	195
4	A	21	2
4	A	32	1
4	A	36	6
4	C	14	2466
4	C	21	778
4	C	27	2698
4	C	32	7828
4	C	36	21882
4	G	14	21
4	G	36	1
4	T	14	1
4	T	27	2
4	T	32	3
4	T	36	5
5	A	14	15
5	A	27	1
5	A	32	1
5	C	14	7
5	G	14	6479
5	G	21	906
5	G	27	3751
5	G	32	8936
5	G	36	15279
5	T	14	502
5	T	21	4
5	T	27	6
5	T	32	2
6	A	14	64
6	A	21	1
6	A	27	2
6	A	32	1
6	A	36	3
6	C	14	27
6	G	14	4699
6	G	21	690
6	G	27	2600
6	G	32	6775
6	G	36	20865
6	N	2	1
6	T	14	159
6	T	21	1
6	T	32	1
7	A	14	2986
7	A	21	339
7	A	27	2457
7	A	32	5337
7	A	36	24170
7	C	14	10
7	G	14	10
7	G	27	1
7	G	32	1
7	G	36	11
7	T	14	13
7	T	32	1
7	T	36	3
8	A	14	4590
8	A	21	317
8	A	27	2441
8	A	32	4637
8	A	36	22744
8	C	14	5
8	G	14	21
8	G	27	3
8	G	32	3
8	G	36	25
8	N	2	1
8	T	14	47
8	T	36	1
9	A	14	100
9	A	21	6
9	A	27	1
9	A	32	6
9	A	36	20
9	C	14	20
9	C	21	1
9	C	32	1
9	G	14	3562
9	G	21	329
9	G	27	2790
9	G	32	7717
9	G	36	19728
9	N	2	1
9	T	14	89
9	T	21	1
10	A	14	16764
10	A	21	1206
10	A	27	5014
10	A	32	4481
10	A	36	6104
10	C	14	217
10	C	21	9
10	C	27	11
10	C	32	10
10	C	36	1
10	G	14	30
10	G	21	1
10	G	27	5
10	G	32	14
10	G	36	31
10	T	14	2
10	T	36	1
11	A	14	38
11	A	21	2
11	A	27	2
11	A	32	4
11	A	36	8
11	C	14	38
11	C	21	2
11	C	27	6
11	C	32	8
11	C	36	19
11	G	14	4838
11	G	21	1163
11	G	27	5707
11	G	32	10569
11	G	36	10745
11	N	2	2
11	T	14	243
11	T	27	1
11	T	32	1
12	A	14	567
12	A	21	1
12	A	27	1
12	A	32	1
12	C	14	3466
12	C	21	1229
12	C	27	3613
12	C	32	9100
12	C	36	14783
12	G	14	63
12	G	21	2
12	G	27	6
12	G	32	12
12	G	36	28
12	N	2	2
12	T	14	4
12	T	32	2
12	T	36	9
13	A	14	44
13	C	14	24
13	C	21	2
13	C	27	2
13	C	32	7
13	C	36	10
13	G	14	4672
13	G	21	811
13	G	27	3756
13	G	32	9521
13	G	36	13245
13	T	14	283
13	T	21	3
13	T	27	5
13	T	32	15
13	T	36	14
14	A	14	246
14	A	27	2
14	A	32	3
14	A	36	1
14	C	14	5
14	C	27	2
14	C	32	9
14	C	36	27
14	G	14	245
14	G	21	3
14	G	27	18
14	G	32	13
14	G	36	11
14	N	2	1
14	T	14	3365
14	T	21	823
14	T	27	2818
14	T	32	8657
14	T	36	15675
15	A	14	206
15	A	21	1
15	A	27	3
15	A	32	1
15	C	14	1793
15	C	21	580
15	C	27	1894
15	C	32	5538
15	C	36	21245
15	G	14	82
15	G	21	2
15	G	27	4
15	G	32	12
15	G	36	18
15	N	2	1
15	T	14	1
15	T	21	1
15	T	27	3
15	T	32	12
15	T	36	17
16	A	14	47
16	C	14	26
16	C	27	3
16	C	32	8
16	C	36	14
16	G	14	3778
16	G	21	607
16	G	27	2378
16	G	32	6573
16	G	36	17289
16	N	2	1
16	T	14	210
16	T	21	5
16	T	27	6
16	T	32	10
16	T	36	21
17	A	14	188
17	A	32	2
17	A	36	2
17	C	14	1
17	C	27	1
17	C	36	1
17	G	14	169
17	G	21	3
17	G	27	13
17	G	32	19
17	G	36	31
17	N	2	1
17	T	14	4031
17	T	21	999
17	T	27	2923
17	T	32	8357
17	T	36	13731
18	A	14	28
18	C	14	71
18	C	27	1
18	C	32	1
18	G	14	4642
18	G	21	461
18	G	27	2768
18	G	32	8271
18	G	36	13545
18	T	14	140
18	T	21	7
18	T	27	18
18	T	32	27
18	T	36	29
19	A	14	256
19	A	21	2
19	A	27	10
19	A	32	14
19	A	36	21
19	C	14	3
19	C	32	1
19	C	36	1
19	G	14	500
19	G	21	3
19	G	27	14
19	G	32	13
19	G	36	16
19	N	2	2
19	T	14	7757
19	T	21	1938
19	T	27	5853
19	T	32	7762
19	T	36	5373
20	A	14	5071
20	A	21	930
20	A	27	3645
20	A	32	8110
20	A	36	11063
20	C	14	2
20	G	14	41
20	G	21	2
20	G	27	9
20	G	32	17
20	G	36	35
20	N	2	1
20	T	14	140
20	T	21	1
20	T	27	5
20	T	32	12
20	T	36	13
21	A	14	207
21	A	21	4
21	A	27	4
21	A	32	13
21	A	36	12
21	C	14	55
21	C	27	1
21	G	14	5831
21	G	21	386
21	G	27	2680
21	G	32	6581
21	G	36	12513
21	N	2	2
21	T	14	324
21	T	21	3
21	T	27	4
21	T	32	2
22	A	14	64
22	A	21	2
22	A	27	1
22	C	14	41
22	C	27	1
22	G	14	3859
22	G	21	248
22	G	27	1925
22	G	32	5216
22	G	36	16656
22	N	2	2
22	T	14	145
23	A	14	68
23	A	21	1
23	A	27	11
23	A	32	29
23	A	36	45
23	C	14	20
23	G	14	2999
23	G	21	179
23	G	27	1759
23	G	32	4975
23	G	36	17467
23	N	2	1
23	T	14	129
23	T	21	3
23	T	32	1
24	A	14	7189
24	A	21	282
24	A	27	2704
24	A	32	4054
24	A	36	12832
24	C	14	20
24	C	27	1
24	G	14	67
24	G	27	3
24	G	32	11
24	G	36	25
24	T	14	63
24	T	32	1
25	A	14	3566
25	A	21	235
25	A	27	2033
25	A	32	3696
25	A	36	17218
25	C	14	8
25	G	14	15
25	G	32	1
25	G	36	2
25	N	2	1
25	T	14	32
26	A	14	3221
26	A	21	192
26	A	27	1765
26	A	32	3333
26	A	36	17622
26	C	14	4
26	G	14	35
26	G	21	2
26	G	27	16
26	G	32	23
26	G	36	59
26	T	14	34
26	T	27	1
26	T	32	1
26	T	36	1
27	A	14	314
27	A	21	3
27	A	27	16
27	A	32	40
27	A	36	71
27	C	14	51
27	C	27	2
27	G	14	4418
27	G	21	273
27	G	27	1320
27	G	32	3939
27	G	36	15185
27	T	14	208
27	T	21	1
27	T	27	3
27	T	32	2
27	T	36	1
28	A	14	8055
28	A	21	617
28	A	27	3352
28	A	32	3902
28	A	36	9146
28	C	14	89
28	C	21	2
28	C	27	4
28	G	14	68
28	G	21	4
28	G	27	14
28	G	32	32
28	G	36	74
28	T	14	7
28	T	27	1
29	A	14	215
29	A	21	3
29	A	27	6
29	A	32	8
29	A	36	18
29	C	14	115
29	C	27	2
29	C	32	1
29	G	14	5185
29	G	21	513
29	G	27	2204
29	G	32	5535
29	G	36	10850
29	T	14	168
29	T	21	5
29	T	27	20
29	T	32	22
29	T	36	51
30	A	14	269
30	A	27	4
30	A	32	1
30	C	14	3
30	G	14	278
30	G	21	7
30	G	27	17
30	G	32	36
30	G	36	57
30	N	2	1
30	T	14	4820
30	T	21	1039
30	T	27	2707
30	T	32	4697
30	T	36	10520
31	A	14	71
31	A	21	1
31	A	27	1
31	C	14	36
31	G	14	4043
31	G	21	384
31	G	27	2011
31	G	32	6054
31	G	36	10847
31	T	14	411
31	T	21	3
31	T	27	26
31	T	32	34
31	T	36	81
32	A	14	178
32	A	32	2
32	C	36	1
32	G	14	114
32	G	21	3
32	G	27	9
32	G	32	29
32	G	36	73
32	T	14	3045
32	T	21	601
32	T	27	1905
32	T	32	3972
32	T	36	13560
33	A	14	84
33	A	32	2
33	A	36	14
33	C	14	19
33	G	14	4039
33	G	21	318
33	G	27	1745
33	G	32	4805
33	G	36	11577
33	T	14	381
33	T	21	11
33	T	27	10
33	T	32	7
33	T	36	24
34	A	14	68
34	A	21	2
34	A	27	11
34	A	32	18
34	A	36	39
34	C	14	14
34	G	14	2711
34	G	21	213
34	G	27	1568
34	G	32	4625
34	G	36	13119
34	T	14	145
34	T	21	1
34	T	36	1
35	A	14	11376
35	A	21	381
35	A	27	2438
35	A	32	2814
35	A	36	4513
35	C	14	165
35	C	21	16
35	C	27	18
35	C	32	22
35	C	36	63
35	G	14	160
35	G	21	1
35	G	27	5
35	G	32	4
35	G	36	29
35	T	14	56
35	T	27	1
35	T	36	1
36	A	14	709
36	A	27	9
36	A	32	5
36	A	36	12
36	C	14	3315
36	C	21	741
36	C	27	1990
36	C	32	3920
36	C	36	10738
36	G	14	165
36	G	27	2
36	G	32	1
36	G	36	1
36	T	32	3
36	T	36	4
37	A	14	409
37	A	21	2
37	A	27	1
37	A	32	1
37	C	14	2288
37	C	21	603
37	C	27	1660
37	C	32	3693
37	C	36	12286
37	G	14	108
37	G	32	1
37	G	36	2
37	T	14	22
37	T	21	7
37	T	27	11
37	T	32	23
37	T	36	26
38	A	14	650
38	A	21	14
38	A	27	15
38	A	32	30
38	A	36	29
38	C	14	1
38	C	21	1
38	C	27	4
38	C	32	5
38	C	36	22
38	G	14	687
38	G	21	7
38	G	27	15
38	G	32	7
38	G	36	1
38	T	14	6717
38	T	21	1368
38	T	27	3279
38	T	32	4801
38	T	36	2984
39	A	14	2999
39	A	21	671
39	A	27	2284
39	A	32	5853
39	A	36	8085
39	C	14	4
39	G	14	18
39	G	32	4
39	G	36	3
39	N	2	1
39	T	14	67
39	T	21	5
39	T	27	16
39	T	32	36
39	T	36	40
40	A	14	560
40	A	21	4
40	A	27	2
40	A	32	15
40	A	36	17
40	C	36	1
40	G	14	134
40	G	21	4
40	G	27	17
40	G	32	32
40	G	36	34
40	N	2	1
40	T	14	4810
40	T	21	1076
40	T	27	2506
40	T	32	4475
40	T	36	5932
41	A	14	87
41	C	14	39
41	C	21	2
41	G	14	3311
41	G	21	434
41	G	27	1804
41	G	32	5375
41	G	36	7596
41	N	2	1
41	T	14	343
41	T	21	9
41	T	27	30
41	T	32	36
41	T	36	60
42	A	14	191
42	G	14	168
42	G	21	2
42	G	27	9
42	G	32	38
42	G	36	59
42	N	2	1
42	T	14	3582
42	T	21	984
42	T	27	2294
42	T	32	3954
42	T	36	7412
43	A	14	56
43	A	21	1
43	A	32	3
43	A	36	2
43	C	14	26
43	C	21	1
43	G	14	2851
43	G	21	272
43	G	27	1517
43	G	32	4805
43	G	36	8240
43	N	2	1
43	T	14	328
43	T	21	11
43	T	27	23
43	T	32	41
43	T	36	62
44	A	14	124
44	A	27	11
44	A	32	21
44	A	36	43
44	G	14	168
44	G	21	2
44	G	27	6
44	G	32	8
44	G	36	19
44	N	2	1
44	T	14	3244
44	T	21	1104
44	T	27	2553
44	T	32	4192
44	T	36	6287
45	A	14	3190
45	A	21	462
45	A	27	1800
45	A	32	3981
45	A	36	7685
45	C	14	2
45	G	14	28
45	G	21	1
45	G	27	6
45	G	32	16
45	G	36	53
45	T	14	78
45	T	21	2
45	T	27	2
45	T	32	8
45	T	36	19
46	A	14	233
46	A	21	1
46	A	27	12
46	A	32	18
46	A	36	34
46	C	14	26
46	G	14	3022
46	G	21	262
46	G	27	1311
46	G	32	3814
46	G	36	7968
46	T	14	180
46	T	21	2
46	T	27	1
46	T	32	5
46	T	36	2
47	A	14	10329
47	A	21	460
47	A	27	1822
47	A	32	1351
47	A	36	1880
47	C	14	368
47	C	21	16
47	C	27	4
47	C	32	6
47	C	36	1
47	G	14	61
47	G	21	1
47	G	27	3
47	G	32	4
47	G	36	19
47	T	14	19
47	T	21	4
47	T	27	19
47	T	32	27
47	T	36	22
48	A	14	391
48	A	21	5
48	A	27	6
48	A	32	4
48	A	36	4
48	C	14	11
48	C	21	4
48	C	27	10
48	C	32	22
48	C	36	36
48	G	14	124
48	G	21	3
48	T	14	2995
48	T	21	965
48	T	27	2423
48	T	32	4616
48	T	36	4363
49	A	14	1096
49	A	21	12
49	A	27	6
49	A	32	3
49	C	14	3302
49	C	21	902
49	C	27	1979
49	C	32	3691
49	C	36	4153
49	G	14	292
49	T	14	13
49	T	21	5
49	T	27	16
49	T	32	35
49	T	36	42
50	A	14	428
50	A	21	5
50	A	27	1
50	A	32	3
50	C	14	20
50	C	21	5
50	C	27	17
50	C	32	23
50	C	36	42
50	G	14	322
50	G	21	6
50	G	27	6
50	G	32	4
50	G	36	1
50	T	14	3428
50	T	21	903
50	T	27	2032
50	T	32	3811
50	T	36	4048
51	A	14	797
51	A	21	5
51	A	27	2
51	A	32	1
51	C	14	2592
51	C	21	909
51	C	27	1745
51	C	32	3554
51	C	36	4756
51	G	14	178
51	G	21	8
51	G	27	14
51	G	32	21
51	G	36	26
51	T	14	7
51	T	21	4
51	T	27	2
51	T	32	9
51	T	36	7
52	A	14	98
52	C	14	84
52	C	21	4
52	C	27	6
52	C	32	6
52	C	36	8
52	G	14	3021
52	G	21	475
52	G	27	1606
52	G	32	3438
52	G	36	5375
52	T	14	52
52	T	27	1
52	T	32	2
52	T	36	2
53	A	14	47
53	C	14	29
53	G	14	2073
53	G	21	296
53	G	27	1179
53	G	32	2911
53	G	36	7049
53	T	14	78
53	T	21	8
53	T	27	9
53	T	32	21
53	T	36	23
54	A	14	180
54	A	27	2
54	G	14	301
54	G	21	4
54	G	27	18
54	G	32	29
54	G	36	44
54	T	14	3460
54	T	21	861
54	T	27	1852
54	T	32	2860
54	T	36	3675
55	A	14	32
55	C	14	15
55	C	36	1
55	G	14	2103
55	G	21	312
55	G	27	1388
55	G	32	3966
55	G	36	4820
55	T	14	141
55	T	21	2
55	T	27	7
55	T	32	13
55	T	36	10
56	A	14	20
56	C	14	32
56	C	32	2
56	C	36	3
56	G	14	1648
56	G	21	160
56	G	27	929
56	G	32	2638
56	G	36	6798
56	T	14	75
56	T	21	3
56	T	27	6
56	T	32	18
56	T	36	32
57	A	14	93
57	C	14	13
57	C	21	2
57	C	27	7
57	C	32	15
57	C	36	30
57	G	14	344
57	G	21	3
57	G	27	17
57	G	32	11
57	G	36	27
57	T	14	2592
57	T	21	796
57	T	27	1723
57	T	32	2511
57	T	36	3740
58	A	14	530
58	A	21	2
58	A	27	2
58	A	32	1
58	C	14	2312
58	C	21	711
58	C	27	1350
58	C	32	2629
58	C	36	3645
58	G	14	234
58	G	21	3
58	G	27	4
58	G	32	14
58	G	36	26
58	T	14	2
58	T	21	1
58	T	27	1
58	T	32	4
58	T	36	13
59	A	14	51
59	C	14	67
59	C	21	7
59	C	27	16
59	C	32	22
59	C	36	32
59	G	14	1919
59	G	21	277
59	G	27	1089
59	G	32	3061
59	G	36	4424
59	T	14	71
59	T	27	1
60	A	14	287
60	A	21	1
60	A	27	1
60	C	14	2632
60	C	21	447
60	C	27	1401
60	C	32	1922
60	C	36	3661
60	G	14	235
60	G	21	4
60	G	27	2
60	G	32	10
60	G	36	10
61	A	14	188
61	A	27	1
61	C	14	1369
61	C	21	366
61	C	27	981
61	C	32	2152
61	C	36	5012
61	G	14	81
61	G	21	1
61	G	27	7
61	G	32	21
61	G	36	15
61	N	2	1
61	T	14	1
61	T	21	2
61	T	27	1
61	T	36	1
62	A	14	46
62	A	27	1
62	A	32	1
62	A	36	1
62	C	14	62
62	C	21	9
62	C	27	3
62	C	32	3
62	C	36	13
62	G	14	1971
62	G	21	212
62	G	27	828
62	G	32	1930
62	G	36	4672
62	N	2	1
62	T	14	33
62	T	21	4
62	T	27	7
62	T	32	25
62	T	36	4
63	A	14	129
63	A	21	3
63	A	27	8
63	A	32	18
63	A	36	11
63	C	14	1
63	G	14	437
63	G	21	8
63	G	27	17
63	G	32	12
63	G	36	12
63	T	14	3659
63	T	21	831
63	T	27	1635
63	T	32	1711
63	T	36	919
64	A	14	2893
64	A	21	433
64	A	27	1335
64	A	32	2310
64	A	36	1873
64	C	14	6
64	C	27	1
64	C	36	2
64	G	14	30
64	N	2	1
64	T	14	64
64	T	21	3
64	T	27	6
64	T	32	18
64	T	36	22
65	A	14	245
65	A	21	2
65	A	27	7
65	A	32	4
65	A	36	6
65	C	14	5
65	C	21	4
65	C	27	7
65	C	32	12
65	C	36	18
65	G	14	153
65	G	32	1
65	N	2	1
65	T	14	2167
65	T	21	606
65	T	27	1186
65	T	32	1957
65	T	36	2222
66	A	14	410
66	A	21	5
66	A	27	10
66	A	32	10
66	A	36	16
66	C	14	1427
66	C	21	433
66	C	27	980
66	C	32	1811
66	C	36	2991
66	G	14	107
66	N	2	2
66	T	14	3
66	T	21	1
66	T	32	9
66	T	36	5
67	A	14	2594
67	A	21	374
67	A	27	1219
67	A	32	1411
67	A	36	2130
67	C	14	33
67	C	27	4
67	C	32	2
67	C	36	6
67	G	14	15
67	N	2	1
67	T	14	16
67	T	21	2
67	T	27	15
67	T	32	11
67	T	36	9
68	A	14	242
68	A	21	1
68	A	27	7
68	A	32	2
68	A	36	4
68	G	14	168
68	G	21	1
68	G	27	1
68	T	14	2679
68	T	21	684
68	T	27	1188
68	T	32	1455
68	T	36	1059
69	A	14	85
69	A	21	1
69	A	27	11
69	A	32	8
69	A	36	13
69	G	14	39
69	G	21	1
69	N	2	1
69	T	14	1271
69	T	21	505
69	T	27	1100
69	T	32	2212
69	T	36	1884
70	A	14	2525
70	A	21	292
70	A	27	1019
70	A	32	1328
70	A	36	1481
70	G	14	5
70	T	14	119
70	T	21	1
70	T	27	3
70	T	32	4
70	T	36	5
71	A	14	1370
71	A	21	224
71	A	27	875
71	A	32	1453
71	A	36	2500
71	C	14	4
71	C	21	1
71	G	14	10
71	T	14	18
72	A	14	1430
72	A	21	105
72	A	27	709
72	A	32	1201
72	A	36	2651
72	C	14	5
72	G	14	8
72	T	14	16
73	A	14	1216
73	A	21	70
73	A	27	594
73	A	32	976
73	A	36	2967
73	C	14	3
73	G	14	4
73	T	14	10
74	A	14	1165
74	A	21	60
74	A	27	514
74	A	32	881
74	A	36	2930
74	C	14	4
74	G	14	4
74	N	2	2
74	T	14	10
75	A	14	1120
75	A	21	59
75	A	27	479
75	A	32	886
75	A	36	2689
75	C	14	3
75	C	32	1
75	G	14	7
75	N	2	1
75	T	14	5
75	T	27	1
76	A	14	1140
76	A	21	71
76	A	27	449
76	A	32	850
76	A	36	2411
76	C	14	6
76	G	14	5
76	N	2	1
76	T	14	10
77	A	14	2683
77	A	21	86
77	A	27	370
77	A	32	614
77	A	36	810
77	C	14	14
77	C	27	1
77	G	14	50
77	G	32	1
77	N	2	1
77	T	14	24
78	A	14	3148
78	A	21	36
78	A	27	148
78	A	32	155
78	A	36	182
78	C	14	38
78	G	14	567
78	N	2	1
78	T	14	89
78	T	32	2
78	T	36	1
79	A	14	2187
79	A	21	8
79	A	27	48
79	A	32	39
79	A	36	59
79	C	14	52
79	C	27	1
79	G	14	1583
79	G	21	3
79	G	27	11
79	G	32	6
79	G	36	2
79	N	2	1
79	T	14	101
79	T	27	1
80	A	14	641
80	A	21	1
80	A	27	12
80	A	32	16
80	A	36	26
80	C	14	50
80	G	14	2679
80	G	21	62
80	G	27	153
80	G	32	82
80	G	36	33
80	N	2	1
80	T	14	109
81	A	14	246
81	A	21	2
81	A	27	4
81	A	32	5
81	A	36	17
81	C	14	39
81	C	27	2
81	G	14	2000
81	G	21	107
81	G	27	443
81	G	32	384
81	G	36	320
81	T	14	62
81	T	21	1
82	A	14	131
82	A	21	1
82	A	27	4
82	A	32	5
82	A	36	4
82	C	14	25
82	G	14	1370
82	G	21	94
82	G	27	416
82	G	32	564
82	G	36	726
82	T	14	54
82	T	21	2
83	A	14	97
83	A	27	4
83	A	32	4
83	A	36	3
83	C	14	12
83	G	14	1017
83	G	21	79
83	G	27	335
83	G	32	545
83	G	36	1036
83	N	2	1
83	T	14	38
83	T	32	1
84	A	14	64
84	A	27	1
84	A	32	1
84	C	14	11
84	G	14	799
84	G	21	49
84	G	27	289
84	G	32	496
84	G	36	1223
84	T	14	40
85	A	14	57
85	A	32	2
85	A	36	1
85	C	14	11
85	G	14	598
85	G	21	31
85	G	27	255
85	G	32	513
85	G	36	1280
85	T	14	27
86	A	14	42
86	A	32	1
86	A	36	2
86	C	14	10
86	G	14	541
86	G	21	40
86	G	27	218
86	G	32	427
86	G	36	1286
86	T	14	22
86	T	27	1
86	T	32	1
87	A	14	27
87	A	21	1
87	A	27	2
87	C	14	13
87	G	14	481
87	G	21	35
87	G	27	182
87	G	32	377
87	G	36	1254
87	T	14	19
88	A	14	26
88	A	27	1
88	A	32	2
88	C	14	8
88	G	14	401
88	G	21	31
88	G	27	171
88	G	32	370
88	G	36	1194
88	N	2	1
88	T	14	19
89	A	14	22
89	A	32	1
89	C	14	1
89	C	27	1
89	G	14	353
89	G	21	31
89	G	27	170
89	G	32	314
89	G	36	1159
89	T	14	21
89	T	21	1
89	T	27	1
90	A	14	12
90	A	32	1
90	C	14	3
90	G	14	314
90	G	21	22
90	G	27	149
90	G	32	297
90	G	36	1098
90	T	14	15
91	A	14	10
91	A	27	1
91	C	14	4
91	G	14	299
91	G	21	25
91	G	27	136
91	G	32	259
91	G	36	1014
91	T	14	9
91	T	27	1
92	A	14	10
92	C	14	6
92	G	14	278
92	G	21	22
92	G	27	119
92	G	32	238
92	G	36	919
92	T	14	16
93	A	14	16
93	C	14	3
93	G	14	204
93	G	21	24
93	G	27	99
93	G	32	225
93	G	36	875
93	T	14	12
93	T	21	1
94	A	14	5
94	A	27	1
94	C	14	3
94	G	14	216
94	G	21	15
94	G	27	88
94	G	32	191
94	G	36	804
94	T	14	8
95	A	14	8
95	A	36	1
95	C	14	4
95	G	14	190
95	G	21	12
95	G	27	100
95	G	32	188
95	G	36	692
95	T	14	13
96	A	14	6
96	C	14	1
96	G	14	176
96	G	21	20
96	G	27	88
96	G	32	142
96	G	36	639
96	T	14	9
96	T	32	1
97	A	14	5
97	A	36	1
97	C	14	1
97	G	14	158
97	G	21	15
97	G	27	76
97	G	32	137
97	G	36	553
97	T	14	8
97	T	32	1
98	A	14	6
98	C	14	3
98	G	14	158
98	G	21	12
98	G	27	67
98	G	32	133
98	G	36	480
98	T	14	2
99	A	14	9
99	C	14	4
99	G	14	137
99	G	21	15
99	G	27	56
99	G	32	119
99	G	36	417
99	T	14	4
99	T	21	1
100	A	14	7
100	C	14	4
100	G	14	95
100	G	21	10
100	G	27	43
100	G	32	113
100	G	36	377
100	T	14	1
101	A	14	5
101	C	14	2
101	G	14	99
101	G	21	13
101	G	27	48
101	G	32	79
101	G	36	337
101	T	14	8
102	A	14	2
102	C	14	1
102	G	14	97
102	G	21	15
102	G	27	36
102	G	32	73
102	G	36	294
102	T	14	3
102	T	21	1
103	A	14	3
103	C	14	2
103	G	14	81
103	G	21	4
103	G	27	38
103	G	32	69
103	G	36	245
103	T	14	6
104	G	14	64
104	G	21	6
104	G	27	30
104	G	32	48
104	G	36	233
104	T	14	3
105	A	14	3
105	C	14	1
105	G	14	56
105	G	21	5
105	G	27	23
105	G	32	51
105	G	36	199
105	T	14	4
106	G	14	55
106	G	21	8
106	G	27	24
106	G	32	44
106	G	36	166
106	T	14	2
107	A	14	1
107	G	14	48
107	G	21	11
107	G	27	16
107	G	32	32
107	G	36	150
108	G	14	37
108	G	21	4
108	G	27	18
108	G	32	33
108	G	36	121
108	T	14	3
109	A	14	1
109	C	14	1
109	G	14	34
109	G	21	1
109	G	27	15
109	G	32	29
109	G	36	106
109	T	14	2
110	A	14	1
110	G	14	27
110	G	21	2
110	G	27	15
110	G	32	15
110	G	36	99
110	T	14	2
111	A	14	1
111	C	14	2
111	G	14	31
111	G	21	3
111	G	27	9
111	G	32	19
111	G	36	73
111	T	14	1
112	A	14	1
112	C	14	1
112	G	14	23
112	G	21	4
112	G	27	11
112	G	32	20
112	G	36	58
113	A	14	1
113	G	14	20
113	G	27	13
113	G	32	17
113	G	36	48
113	T	14	2
114	A	14	2
114	G	14	19
114	G	27	9
114	G	32	7
114	G	36	50
115	C	14	2
115	G	14	15
115	G	21	3
115	G	27	4
115	G	32	9
115	G	36	41
115	T	27	1
116	G	14	14
116	G	21	2
116	G	27	3
116	G	32	16
116	G	36	32
117	G	14	9
117	G	21	1
117	G	27	10
117	G	32	9
117	G	36	30
118	G	14	9
118	G	27	10
118	G	32	11
118	G	36	25
118	T	14	1
119	C	14	1
119	G	14	7
119	G	21	1
119	G	27	4
119	G	32	6
119	G	36	27
120	G	14	8
120	G	21	2
120	G	27	2
120	G	32	9
120	G	36	18
120	T	14	1
121	G	14	9
121	G	21	1
121	G	27	1
121	G	32	4
121	G	36	19
122	G	14	3
122	G	27	7
122	G	32	5
122	G	36	17
123	G	14	3
123	G	21	1
123	G	27	2
123	G	32	7
123	G	36	9
124	G	14	4
124	G	27	1
124	G	32	3
124	G	36	12
125	G	14	1
125	G	27	2
125	G	32	1
125	G	36	13
126	G	14	3
126	G	27	1
126	G	32	5
126	G	36	7
127	G	14	2
127	G	27	2
127	G	32	4
127	G	36	6
128	G	14	1
128	G	27	2
128	G	32	4
128	G	36	5
129	G	14	2
129	G	27	2
129	G	32	2
129	G	36	5
130	G	14	1
130	G	32	1
130	G	36	7
131	G	14	1
131	G	32	1
131	G	36	6
132	G	14	2
132	G	32	1
132	G	36	5
133	G	14	2
133	G	27	3
133	G	36	2
134	G	14	1
134	G	32	1
134	G	36	1
135	G	14	1
135	G	36	2
136	G	14	1
136	G	36	1
137	G	36	2
138	G	14	1
138	G	36	1
139	G	14	1
139	G	36	1
140	G	32	2
