position	quality	count
0	14	17
0	21	1
0	32	2
1	14	13
1	32	4
2	14	10
2	21	2
2	32	5
3	14	12
3	21	1
3	27	1
3	32	1
4	14	15
4	21	3
5	14	17
5	21	3
5	36	7
6	14	15
6	21	1
6	32	1
6	36	4
7	14	13
7	36	3
8	14	18
8	21	1
8	36	3
9	14	16
9	36	4
10	14	18
10	21	4
10	27	1
10	36	7
11	14	17
11	21	5
11	32	2
11	36	3
12	14	9
12	21	3
12	36	2
13	2	1
13	14	17
13	21	1
13	36	3
14	14	18
14	32	1
15	14	19
15	21	1
15	36	3
16	14	22
16	21	1
16	32	1
16	36	5
17	14	11
17	21	1
17	32	2
17	36	1
18	14	20
18	21	3
18	32	1
19	14	20
19	27	1
19	32	1
19	36	1
20	14	11
21	14	20
21	36	2
22	14	25
22	21	2
22	36	1
23	14	15
23	21	2
23	36	1
24	14	17
24	21	3
24	36	3
25	14	20
25	27	1
25	36	5
26	14	15
26	21	3
26	32	1
26	36	2
27	14	18
27	36	1
28	14	20
28	21	1
28	36	3
29	14	18
29	21	2
29	36	2
30	14	18
30	36	1
31	14	19
31	21	1
31	36	2
32	14	15
32	27	1
32	36	1
33	14	27
33	21	1
33	36	3
34	14	19
34	21	2
34	36	1
35	14	22
35	36	2
36	14	16
37	14	19
37	32	1
37	36	3
38	14	15
38	36	4
39	14	25
39	21	1
39	32	2
39	36	1
40	14	18
40	32	1
40	36	2
41	14	20
41	21	1
41	27	1
41	36	1
42	14	28
42	32	1
42	36	1
43	14	20
43	21	1
43	32	1
43	36	2
44	14	18
44	36	1
45	14	25
45	21	2
45	36	1
46	14	21
46	21	1
46	32	1
46	36	2
47	14	22
48	14	17
48	21	1
49	14	26
49	21	1
50	14	22
50	21	1
50	27	1
50	36	1
51	14	22
51	21	1
51	36	1
52	14	17
52	32	1
52	36	2
53	14	30
53	21	1
54	14	24
54	27	2
55	14	14
55	36	1
56	14	20
56	21	1
56	36	2
57	14	19
57	27	1
58	14	19
58	21	1
59	14	19
59	32	1
59	36	2
60	14	22
60	27	1
60	32	2
60	36	2
61	14	32
61	36	1
62	14	35
62	27	1
62	32	1
62	36	3
63	14	30
64	14	37
65	14	18
65	36	2
66	14	27
66	32	1
66	36	2
67	14	35
67	21	1
68	14	27
68	27	2
68	36	1
69	14	27
69	27	1
69	36	3
70	14	30
70	21	1
70	27	1
70	32	1
70	36	1
71	14	22
71	32	1
71	36	1
72	14	23
72	36	1
73	14	23
73	21	1
73	32	1
74	14	33
74	27	1
74	36	2
75	14	24
75	21	1
75	36	1
76	14	29
76	36	1
77	14	23
77	21	1
77	36	1
78	14	31
78	27	1
78	36	1
79	14	35
80	14	38
80	36	1
81	14	23
82	14	28
82	32	1
83	14	27
83	21	1
83	36	1
84	14	23
84	21	1
84	27	1
84	36	1
85	14	30
85	36	1
86	14	25
86	36	1
87	14	28
87	27	1
87	32	2
88	14	35
88	27	1
88	36	1
89	14	30
89	21	1
89	27	1
90	14	29
90	27	1
91	14	29
91	27	1
91	36	3
92	14	31
92	27	1
92	36	1
93	14	27
93	21	1
93	27	1
94	14	30
95	14	28
95	32	1
96	14	30
96	36	1
97	14	31
97	36	1
98	14	27
98	32	1
98	36	1
99	14	25
99	36	2
100	14	33
100	27	2
100	36	1
101	14	33
101	36	3
102	14	26
103	14	25
103	27	2
103	32	1
103	36	2
104	14	28
104	21	1
104	36	1
105	14	36
105	36	1
106	14	30
106	36	1
107	14	23
107	36	1
108	14	35
108	36	1
109	14	29
109	27	1
109	36	1
110	14	22
110	32	1
110	36	2
111	14	36
111	21	1
111	36	2
112	14	18
112	21	2
112	27	1
112	36	1
113	14	35
114	14	35
114	27	1
115	14	25
115	21	1
115	32	1
115	36	1
116	14	30
116	21	1
117	14	21
118	14	32
119	14	31
119	21	1
119	36	2
120	14	23
120	27	2
120	36	1
121	14	31
121	27	1
121	36	2
122	14	23
122	21	1
122	27	1
122	32	1
123	14	30
123	27	1
123	32	1
124	14	28
124	32	1
125	14	29
125	21	1
126	14	27
126	21	2
127	14	33
127	27	1
127	36	1
128	14	29
128	27	1
128	36	2
129	14	28
129	36	1
130	14	33
130	27	1
130	32	1
130	36	2
131	14	27
131	36	1
132	14	33
132	36	1
133	14	33
133	21	1
133	27	1
133	36	1
134	14	36
134	36	2
135	14	32
135	32	1
136	14	25
137	14	23
137	21	1
137	27	1
137	36	1
138	14	28
138	21	1
139	14	30
140	14	25
140	32	1
141	14	27
142	14	26
142	21	1
143	14	25
143	32	1
144	14	29
145	14	27
146	14	32
147	14	17
147	21	1
147	27	1
147	32	1
147	36	2
148	14	25
148	32	1
149	14	19
149	36	1
150	14	192
150	21	16
150	27	9
150	32	9
150	36	6
