pos	char	qual	count
0	A	13	7
0	A	14	51
0	A	15	29
0	A	16	90
0	A	17	84
0	A	18	53
0	A	19	59
0	A	20	43
0	A	21	4
0	A	24	3
0	A	25	1
0	A	26	2
0	A	27	17
0	A	28	5
0	A	29	10
0	A	30	32
0	A	31	36
0	A	32	55
0	A	33	208
0	A	34	47
0	A	35	139
0	A	36	211
0	A	37	712
0	A	38	1033
0	A	39	3662
0	A	40	21
0	C	16	3
0	C	18	1
0	C	20	1
0	G	12	1
0	G	13	1
0	G	14	3
0	G	15	2
0	G	16	3
0	G	18	2
0	G	19	1
0	G	20	1
0	G	37	2
0	G	38	2
0	G	39	4
0	T	14	1
0	T	15	1
0	T	16	3
0	T	18	1
0	T	19	2
0	T	37	1
1	A	12	3
1	A	14	1
1	A	15	4
1	A	16	5
1	A	18	5
1	A	21	1
1	A	26	1
1	A	39	1
1	C	16	1
1	C	17	1
1	C	37	1
1	G	12	2
1	G	13	12
1	G	14	71
1	G	15	86
1	G	16	171
1	G	17	116
1	G	18	140
1	G	19	68
1	G	20	56
1	G	21	1
1	G	24	1
1	G	25	3
1	G	26	1
1	G	27	13
1	G	28	3
1	G	29	12
1	G	30	53
1	G	31	25
1	G	32	46
1	G	33	275
1	G	34	60
1	G	35	121
1	G	36	289
1	G	37	846
1	G	38	1153
1	G	39	2967
1	G	40	9
1	T	15	1
1	T	16	5
1	T	17	12
1	T	19	5
1	T	20	2
1	T	39	1
2	A	12	3
2	A	13	4
2	A	14	53
2	A	15	75
2	A	16	152
2	A	17	60
2	A	18	111
2	A	19	46
2	A	20	51
2	A	21	1
2	A	24	3
2	A	25	2
2	A	26	5
2	A	27	22
2	A	28	8
2	A	29	21
2	A	30	42
2	A	31	36
2	A	32	41
2	A	33	219
2	A	34	65
2	A	35	123
2	A	36	186
2	A	37	805
2	A	38	1034
2	A	39	3456
2	A	40	8
2	C	15	1
2	C	16	1
2	C	17	1
2	C	18	3
2	G	17	1
2	G	18	2
2	T	16	2
2	T	17	4
2	T	20	1
2	T	33	1
2	T	39	1
3	A	13	1
3	A	15	3
3	A	16	5
3	A	18	2
3	A	19	1
3	A	20	1
3	A	32	1
3	C	14	1
3	C	15	1
3	C	16	5
3	C	17	2
3	C	18	2
3	C	32	1
3	C	33	1
3	G	16	3
3	G	18	4
3	G	20	1
3	G	32	1
3	T	13	4
3	T	14	6
3	T	15	43
3	T	16	91
3	T	17	120
3	T	18	84
3	T	19	83
3	T	20	61
3	T	21	2
3	T	24	1
3	T	25	3
3	T	26	8
3	T	27	18
3	T	28	8
3	T	29	23
3	T	30	31
3	T	31	54
3	T	32	29
3	T	33	225
3	T	34	8
3	T	35	171
3	T	36	109
3	T	37	733
3	T	38	830
3	T	39	3856
3	T	40	13
4	A	15	1
4	A	16	5
4	A	17	2
4	A	19	1
4	A	20	2
4	A	32	1
4	C	13	4
4	C	14	13
4	C	15	37
4	C	16	308
4	C	17	46
4	C	18	142
4	C	19	85
4	C	20	60
4	C	24	2
4	C	25	5
4	C	26	6
4	C	27	19
4	C	28	6
4	C	29	16
4	C	30	27
4	C	31	63
4	C	32	28
4	C	33	256
4	C	34	17
4	C	35	158
4	C	36	158
4	C	37	810
4	C	38	815
4	C	39	3518
4	C	40	7
4	G	16	2
4	G	18	2
4	G	19	2
4	T	15	2
4	T	16	8
4	T	17	4
4	T	18	4
4	T	19	1
4	T	20	4
4	T	30	1
4	T	38	1
4	T	39	1
5	A	16	3
5	A	17	1
5	A	18	4
5	C	16	1
5	C	18	2
5	C	33	1
5	C	35	1
5	G	12	1
5	G	13	40
5	G	14	405
5	G	15	21
5	G	16	253
5	G	17	21
5	G	18	7
5	G	19	7
5	G	20	1
5	G	24	9
5	G	25	3
5	G	26	4
5	G	27	49
5	G	28	1
5	G	29	42
5	G	30	165
5	G	31	5
5	G	32	285
5	G	33	43
5	G	34	206
5	G	35	2
5	G	36	635
5	G	37	452
5	G	38	878
5	G	39	3066
5	T	16	3
5	T	17	10
5	T	18	1
5	T	19	11
5	T	20	8
5	T	29	1
5	T	37	1
5	T	39	1
6	A	13	2
6	A	14	2
6	A	16	1
6	A	30	1
6	A	32	1
6	A	36	2
6	A	38	3
6	C	17	1
6	C	38	1
6	G	12	5
6	G	13	61
6	G	14	456
6	G	15	39
6	G	16	265
6	G	17	35
6	G	18	6
6	G	19	6
6	G	20	4
6	G	24	4
6	G	25	3
6	G	26	2
6	G	27	38
6	G	29	87
6	G	30	415
6	G	31	2
6	G	32	225
6	G	33	47
6	G	34	287
6	G	35	300
6	G	36	869
6	G	37	400
6	G	38	3058
6	G	39	4
6	T	14	1
6	T	15	8
6	T	17	6
6	T	39	3
7	A	12	2
7	A	13	41
7	A	14	452
7	A	15	22
7	A	16	309
7	A	17	24
7	A	18	7
7	A	19	7
7	A	20	3
7	A	24	2
7	A	25	4
7	A	26	7
7	A	27	58
7	A	28	2
7	A	29	79
7	A	30	359
7	A	31	3
7	A	32	300
7	A	33	56
7	A	34	169
7	A	35	292
7	A	36	1228
7	A	37	550
7	A	38	2449
7	A	39	7
7	C	14	10
7	C	15	1
7	C	17	2
7	C	18	2
7	C	29	1
7	G	14	15
7	G	15	3
7	G	16	1
7	G	17	2
7	G	18	1
7	G	29	2
7	G	32	2
7	G	38	3
7	T	13	1
7	T	14	11
7	T	16	10
7	T	17	2
7	T	18	1
7	T	27	2
7	T	29	2
7	T	30	1
7	T	32	2
7	T	33	1
8	A	13	48
8	A	14	300
8	A	15	17
8	A	16	146
8	A	17	19
8	A	18	3
8	A	19	5
8	A	20	4
8	A	24	5
8	A	25	2
8	A	26	3
8	A	27	31
8	A	28	3
8	A	29	43
8	A	30	226
8	A	31	9
8	A	32	183
8	A	33	50
8	A	34	183
8	A	35	8
8	A	36	523
8	A	37	1536
8	A	38	2960
8	A	39	4
8	C	12	1
8	C	14	9
8	C	16	1
8	C	18	1
8	C	30	1
8	G	14	11
8	G	15	5
8	G	17	3
8	G	32	2
8	G	34	1
8	G	36	3
8	G	37	2
8	G	38	5
8	T	14	6
8	T	15	2
8	T	16	6
8	T	17	1
8	T	18	2
8	T	20	1
8	T	29	1
8	T	30	1
8	T	32	1
8	T	33	2
9	A	12	7
9	A	14	9
9	A	15	2
9	A	16	3
9	A	17	3
9	A	18	2
9	A	26	1
9	A	27	1
9	A	30	2
9	A	31	1
9	A	34	1
9	A	35	1
9	A	36	9
9	A	37	1
9	A	38	9
9	C	14	4
9	C	15	2
9	C	16	1
9	C	18	1
9	C	30	1
9	C	38	1
9	G	13	95
9	G	14	416
9	G	15	22
9	G	16	176
9	G	17	12
9	G	18	15
9	G	24	2
9	G	25	5
9	G	27	48
9	G	29	80
9	G	30	298
9	G	31	3
9	G	32	258
9	G	33	32
9	G	34	130
9	G	35	276
9	G	36	980
9	G	37	464
9	G	38	2863
9	G	39	7
9	T	13	1
9	T	14	10
9	T	15	2
9	T	16	2
9	T	17	4
9	T	32	1
9	T	38	3
10	A	12	3
10	A	13	57
10	A	14	25
10	A	15	435
10	A	16	193
10	A	17	15
10	A	18	15
10	A	19	3
10	A	20	3
10	A	24	1
10	A	25	5
10	A	26	5
10	A	27	32
10	A	28	4
10	A	29	40
10	A	30	78
10	A	31	11
10	A	32	257
10	A	33	118
10	A	34	204
10	A	35	4
10	A	36	149
10	A	37	939
10	A	38	790
10	A	39	2682
10	C	14	4
10	C	16	4
10	C	18	1
10	C	20	1
10	C	30	1
10	C	38	1
10	C	39	2
10	G	13	5
10	G	14	5
10	G	15	1
10	G	16	4
10	G	17	1
10	G	27	1
10	G	30	4
10	G	34	1
10	G	35	2
10	G	36	4
10	G	37	3
10	G	38	11
10	G	39	4
10	T	14	2
10	T	15	2
10	T	16	4
10	T	17	2
10	T	18	9
10	T	19	2
10	T	27	1
10	T	32	3
11	A	13	1
11	A	14	2
11	A	15	7
11	A	16	1
11	A	17	1
11	A	18	2
11	A	19	1
11	A	30	1
11	A	34	1
11	A	36	1
11	A	39	6
11	C	12	1
11	C	14	5
11	C	15	5
11	C	16	2
11	C	17	3
11	C	18	3
11	C	30	2
11	C	32	2
11	C	33	1
11	C	34	2
11	C	37	4
11	C	38	3
11	C	39	8
11	G	12	1
11	G	13	39
11	G	14	24
11	G	15	360
11	G	16	163
11	G	17	7
11	G	18	17
11	G	19	2
11	G	20	1
11	G	24	5
11	G	25	9
11	G	26	3
11	G	27	30
11	G	28	4
11	G	29	39
11	G	30	86
11	G	31	10
11	G	32	169
11	G	33	144
11	G	34	210
11	G	35	2
11	G	36	133
11	G	37	824
11	G	38	854
11	G	39	2810
11	T	14	1
11	T	16	10
11	T	18	9
11	T	19	2
11	T	33	1
11	T	36	1
11	T	37	1
12	A	13	1
12	A	14	7
12	A	15	4
12	A	16	5
12	A	17	1
12	A	18	4
12	A	19	2
12	A	30	1
12	C	12	3
12	C	13	8
12	C	14	70
12	C	15	411
12	C	16	68
12	C	17	276
12	C	18	15
12	C	19	9
12	C	20	5
12	C	24	6
12	C	25	1
12	C	26	1
12	C	27	23
12	C	28	1
12	C	29	27
12	C	30	49
12	C	31	5
12	C	32	24
12	C	33	383
12	C	34	165
12	C	35	3
12	C	36	312
12	C	37	865
12	C	38	952
12	C	39	2115
12	G	12	1
12	G	13	15
12	G	14	16
12	G	15	2
12	G	16	1
12	G	17	1
12	G	27	1
12	G	29	1
12	G	31	1
12	G	32	2
12	G	33	2
12	G	34	1
12	G	36	8
12	G	37	3
12	G	38	11
12	G	39	7
12	T	15	1
12	T	16	11
12	T	17	1
12	T	18	2
12	T	19	2
12	T	20	2
12	T	29	1
12	T	31	2
12	T	33	3
12	T	36	2
12	T	37	2
12	T	38	4
12	T	39	2
13	A	13	1
13	A	14	2
13	A	16	1
13	C	14	1
13	C	16	3
13	C	18	2
13	C	33	3
13	C	36	1
13	C	37	2
13	C	38	3
13	C	39	5
13	G	12	29
13	G	13	7
13	G	14	395
13	G	15	40
13	G	16	16
13	G	17	8
13	G	18	5
13	G	19	1
13	G	20	1
13	G	24	7
13	G	25	9
13	G	26	11
13	G	27	89
13	G	29	230
13	G	30	137
13	G	31	141
13	G	32	108
13	G	33	51
13	G	34	332
13	G	35	62
13	G	36	1151
13	G	37	297
13	G	38	2652
13	G	39	1
13	T	16	9
13	T	18	3
13	T	20	1
13	T	30	1
13	T	36	3
13	T	37	2
13	T	38	3
13	T	39	5
14	A	14	4
14	A	16	1
14	A	17	1
14	A	18	2
14	A	29	1
14	A	33	1
14	A	38	2
14	A	39	2
14	C	14	1
14	C	15	1
14	C	19	1
14	C	37	1
14	C	38	2
14	G	12	55
14	G	13	4
14	G	14	460
14	G	15	63
14	G	16	14
14	G	17	11
14	G	18	1
14	G	24	7
14	G	25	3
14	G	26	2
14	G	27	47
14	G	29	114
14	G	30	200
14	G	31	137
14	G	32	69
14	G	33	45
14	G	34	498
14	G	35	37
14	G	36	882
14	G	37	262
14	G	38	2670
14	G	39	1
14	T	13	3
14	T	14	9
14	T	15	3
14	T	16	12
14	T	17	1
14	T	27	6
14	T	29	3
14	T	30	12
14	T	32	3
14	T	33	2
14	T	34	1
14	T	35	1
14	T	36	41
14	T	37	15
14	T	38	19
14	T	39	3
15	A	12	5
15	A	13	1
15	A	14	40
15	A	15	6
15	A	16	1
15	A	17	2
15	A	18	2
15	A	27	1
15	A	29	2
15	A	30	2
15	A	36	1
15	A	38	1
15	A	39	2
15	C	14	42
15	C	15	5
15	C	17	2
15	C	27	2
15	C	30	1
15	C	32	2
15	C	35	1
15	C	36	4
15	C	37	1
15	C	38	14
15	C	39	3
15	G	12	6
15	G	14	22
15	G	15	5
15	G	16	1
15	G	17	1
15	G	26	1
15	G	30	2
15	G	31	1
15	G	32	2
15	G	34	2
15	G	36	1
15	G	38	11
15	G	39	2
15	T	12	2
15	T	13	37
15	T	14	347
15	T	15	6
15	T	16	143
15	T	17	9
15	T	18	3
15	T	19	1
15	T	20	3
15	T	24	4
15	T	25	12
15	T	26	11
15	T	27	113
15	T	28	1
15	T	29	175
15	T	30	768
15	T	31	2
15	T	32	177
15	T	33	218
15	T	34	125
15	T	35	93
15	T	36	1954
15	T	37	569
15	T	38	680
15	T	39	4
16	A	13	1
16	A	14	12
16	A	15	1
16	A	16	3
16	A	18	1
16	A	27	2
16	A	30	2
16	A	32	2
16	A	33	2
16	A	35	1
16	A	36	3
16	A	37	1
16	A	38	15
16	A	39	4
16	C	14	21
16	C	15	5
16	C	16	1
16	C	19	1
16	C	27	2
16	C	29	4
16	C	30	3
16	C	31	2
16	C	32	5
16	C	33	2
16	C	34	10
16	C	35	2
16	C	36	22
16	C	37	20
16	C	38	81
16	C	39	6
16	G	14	7
16	G	15	4
16	G	16	2
16	G	17	1
16	G	32	1
16	G	33	1
16	G	37	1
16	G	39	3
16	T	12	42
16	T	13	3
16	T	14	328
16	T	15	37
16	T	16	5
16	T	17	5
16	T	18	2
16	T	24	4
16	T	25	9
16	T	26	11
16	T	27	123
16	T	28	1
16	T	29	379
16	T	30	92
16	T	31	147
16	T	32	82
16	T	33	87
16	T	34	285
16	T	35	104
16	T	36	1791
16	T	37	389
16	T	38	1366
16	T	39	3
17	A	13	4
17	A	14	16
17	A	15	2
17	A	16	9
17	A	18	4
17	A	20	1
17	A	27	2
17	A	30	3
17	A	31	1
17	A	32	5
17	A	33	2
17	A	34	5
17	A	35	8
17	A	36	14
17	A	37	19
17	A	38	57
17	A	39	46
17	C	12	5
17	C	13	57
17	C	14	299
17	C	15	14
17	C	16	85
17	C	17	13
17	C	18	8
17	C	19	1
17	C	20	3
17	C	24	5
17	C	25	6
17	C	26	4
17	C	27	54
17	C	28	1
17	C	29	50
17	C	30	145
17	C	31	3
17	C	32	107
17	C	33	26
17	C	34	169
17	C	35	3
17	C	36	356
17	C	37	1336
17	C	38	2393
17	C	39	12
17	G	14	9
17	G	15	2
17	G	16	1
17	G	18	1
17	G	19	1
17	G	29	1
17	G	32	1
17	G	33	1
17	G	35	2
17	G	36	4
17	G	37	2
17	G	38	12
17	G	39	2
17	T	12	1
17	T	13	7
17	T	14	13
17	T	15	1
17	T	16	3
17	T	17	1
17	T	18	3
17	T	29	2
17	T	30	2
17	T	34	1
17	T	35	1
17	T	36	11
17	T	37	2
17	T	38	8
18	A	13	3
18	A	14	8
18	A	15	48
18	A	16	162
18	A	17	30
18	A	18	105
18	A	19	2
18	A	24	6
18	A	25	11
18	A	26	4
18	A	27	39
18	A	28	2
18	A	29	10
18	A	30	43
18	A	31	46
18	A	32	13
18	A	33	209
18	A	34	17
18	A	35	159
18	A	36	79
18	A	37	736
18	A	38	700
18	A	39	2673
18	C	14	6
18	C	15	1
18	C	16	3
18	C	17	1
18	C	18	1
18	C	33	2
18	C	34	1
18	C	35	1
18	C	36	1
18	C	37	9
18	C	38	7
18	C	39	28
18	G	12	1
18	G	14	5
18	G	15	6
18	G	16	1
18	G	17	7
18	G	18	1
18	G	19	3
18	G	20	1
18	G	27	1
18	G	29	1
18	G	30	3
18	G	31	1
18	G	33	6
18	G	34	1
18	G	35	3
18	G	36	6
18	G	37	24
18	G	38	28
18	G	39	80
18	T	14	1
18	T	15	3
18	T	16	4
18	T	18	3
18	T	20	1
19	A	15	4
19	A	16	8
19	A	17	3
19	A	18	2
19	A	20	1
19	A	27	1
19	A	33	1
19	A	35	1
19	A	36	1
19	A	37	4
19	A	38	8
19	A	39	33
19	C	14	1
19	C	15	5
19	C	16	12
19	C	17	1
19	C	18	2
19	C	19	2
19	C	20	3
19	C	27	1
19	C	28	1
19	C	29	1
19	C	30	3
19	C	32	1
19	C	33	6
19	C	35	5
19	C	36	7
19	C	37	25
19	C	38	22
19	C	39	102
19	G	13	1
19	G	14	15
19	G	15	64
19	G	16	78
19	G	17	206
19	G	18	31
19	G	19	130
19	G	20	42
19	G	24	2
19	G	25	5
19	G	26	5
19	G	27	10
19	G	28	4
19	G	29	25
19	G	30	35
19	G	31	29
19	G	32	13
19	G	33	204
19	G	34	7
19	G	35	154
19	G	36	116
19	G	37	660
19	G	38	656
19	G	39	2453
19	T	15	4
19	T	16	2
19	T	17	7
19	T	19	3
19	T	26	1
19	T	37	1
19	T	39	2
20	A	15	10
20	A	16	17
20	A	17	3
20	A	18	4
20	A	19	1
20	A	20	2
20	A	27	1
20	A	29	1
20	A	30	2
20	A	32	2
20	A	33	7
20	A	35	4
20	A	36	5
20	A	37	20
20	A	38	22
20	A	39	113
20	C	13	1
20	C	14	6
20	C	15	51
20	C	16	246
20	C	17	20
20	C	18	40
20	C	19	131
20	C	20	25
20	C	24	6
20	C	25	2
20	C	26	7
20	C	27	14
20	C	28	4
20	C	29	27
20	C	30	17
20	C	31	19
20	C	32	5
20	C	33	211
20	C	34	11
20	C	35	154
20	C	36	124
20	C	37	618
20	C	38	558
20	C	39	2526
20	G	14	2
20	G	15	5
20	G	16	4
20	G	17	2
20	G	18	5
20	G	33	2
20	G	35	1
20	G	37	9
20	G	38	7
20	G	39	33
20	T	15	1
20	T	16	3
20	T	17	4
20	T	19	2
20	T	31	1
20	T	33	2
20	T	37	3
20	T	38	6
20	T	39	2
21	A	14	9
21	A	15	47
21	A	16	173
21	A	17	19
21	A	18	94
21	A	19	7
21	A	20	22
21	A	24	2
21	A	25	6
21	A	26	9
21	A	27	30
21	A	28	4
21	A	29	15
21	A	30	28
21	A	31	38
21	A	32	8
21	A	33	175
21	A	34	7
21	A	35	129
21	A	36	75
21	A	37	563
21	A	38	611
21	A	39	2693
21	C	14	1
21	C	15	3
21	C	16	3
21	C	18	1
21	C	20	1
21	C	30	1
21	C	33	2
21	C	35	1
21	C	36	2
21	C	37	3
21	C	38	3
21	C	39	10
21	G	13	3
21	G	14	7
21	G	15	12
21	G	16	12
21	G	18	1
21	G	27	4
21	G	29	2
21	G	30	3
21	G	32	6
21	G	33	6
21	G	34	7
21	G	35	3
21	G	36	11
21	G	37	28
21	G	38	27
21	G	39	101
21	T	14	1
21	T	16	4
21	T	18	2
21	T	19	2
21	T	30	1
21	T	33	1
21	T	39	3
22	A	14	3
22	A	16	2
22	A	17	1
22	A	18	2
22	A	20	1
22	A	30	1
22	A	31	1
22	A	32	2
22	A	33	3
22	A	34	3
22	A	36	2
22	A	37	4
22	A	38	25
22	A	39	17
22	C	14	3
22	C	15	5
22	C	17	1
22	C	18	1
22	C	38	1
22	G	12	4
22	G	13	23
22	G	14	35
22	G	15	302
22	G	16	100
22	G	17	12
22	G	18	9
22	G	19	2
22	G	24	1
22	G	25	6
22	G	26	6
22	G	27	37
22	G	28	1
22	G	29	26
22	G	30	49
22	G	31	11
22	G	32	161
22	G	33	87
22	G	34	133
22	G	35	3
22	G	36	146
22	G	37	629
22	G	38	692
22	G	39	2377
22	T	16	8
22	T	17	3
22	T	18	3
22	T	32	1
22	T	37	1
22	T	38	1
22	T	39	2
23	A	13	3
23	A	14	13
23	A	15	8
23	A	16	4
23	A	18	3
23	A	27	1
23	A	29	3
23	A	30	6
23	A	31	2
23	A	32	3
23	A	33	5
23	A	34	2
23	A	36	16
23	A	37	43
23	A	38	89
23	A	39	40
23	C	14	1
23	C	15	3
23	C	17	1
23	C	39	1
23	G	12	5
23	G	13	55
23	G	14	411
23	G	15	15
23	G	16	120
23	G	17	6
23	G	18	5
23	G	24	5
23	G	25	4
23	G	26	1
23	G	27	35
23	G	28	1
23	G	29	22
23	G	30	86
23	G	31	1
23	G	32	209
23	G	33	19
23	G	34	122
23	G	35	1
23	G	36	491
23	G	37	328
23	G	38	729
23	G	39	1920
23	T	14	1
23	T	15	2
23	T	16	8
23	T	17	1
23	T	18	2
23	T	19	3
23	T	20	2
23	T	31	2
23	T	37	3
23	T	38	1
23	T	39	3
24	A	12	5
24	A	13	45
24	A	14	270
24	A	15	25
24	A	16	93
24	A	17	7
24	A	18	13
24	A	24	4
24	A	25	3
24	A	26	5
24	A	27	28
24	A	28	1
24	A	29	26
24	A	30	116
24	A	31	4
24	A	32	111
24	A	33	41
24	A	34	127
24	A	36	389
24	A	37	946
24	A	38	2307
24	A	39	123
24	C	14	3
24	C	16	6
24	C	27	1
24	C	30	1
24	C	37	1
24	C	38	1
24	C	39	2
24	G	14	11
24	G	16	1
24	G	27	1
24	G	32	1
24	G	36	5
24	G	37	1
24	G	38	7
24	G	39	12
24	T	14	1
24	T	15	3
24	T	16	3
24	T	30	1
24	T	32	1
24	T	33	3
24	T	37	7
24	T	38	6
24	T	39	22
25	A	12	4
25	A	13	3
25	A	14	25
25	A	15	136
25	A	16	17
25	A	17	76
25	A	18	11
25	A	19	3
25	A	24	4
25	A	25	3
25	A	26	5
25	A	27	33
25	A	28	1
25	A	29	17
25	A	30	32
25	A	31	12
25	A	32	11
25	A	33	153
25	A	34	110
25	A	35	5
25	A	36	58
25	A	37	569
25	A	38	663
25	A	39	2474
25	C	14	5
25	C	17	1
25	C	36	1
25	C	37	2
25	C	38	1
25	C	39	4
25	G	13	1
25	G	14	2
25	G	15	2
25	G	16	6
25	G	17	1
25	G	18	1
25	G	32	1
25	G	34	2
25	G	37	5
25	G	38	6
25	G	39	18
25	T	13	1
25	T	15	2
25	T	16	7
25	T	17	7
25	T	18	9
25	T	19	1
25	T	24	1
25	T	27	1
25	T	29	1
25	T	30	1
25	T	31	1
25	T	33	3
25	T	34	9
25	T	35	1
25	T	36	7
25	T	37	24
25	T	38	25
25	T	39	108
26	A	12	2
26	A	13	1
26	A	14	3
26	A	15	12
26	A	17	2
26	A	18	3
26	A	19	1
26	A	24	1
26	A	27	2
26	A	30	1
26	A	33	1
26	A	34	1
26	A	36	1
26	A	37	2
26	A	38	6
26	A	39	18
26	C	14	1
26	C	15	11
26	C	16	4
26	C	18	1
26	C	20	1
26	C	34	3
26	C	35	2
26	C	37	6
26	C	38	7
26	C	39	21
26	G	13	3
26	G	14	5
26	G	15	7
26	G	16	16
26	G	18	7
26	G	19	1
26	G	20	1
26	G	25	1
26	G	27	1
26	G	29	1
26	G	30	3
26	G	33	13
26	G	34	6
26	G	36	6
26	G	37	30
26	G	38	28
26	G	39	93
26	T	13	1
26	T	14	10
26	T	15	45
26	T	16	168
26	T	17	44
26	T	18	119
26	T	19	6
26	T	20	2
26	T	24	4
26	T	25	3
26	T	26	1
26	T	27	25
26	T	28	5
26	T	29	2
26	T	30	31
26	T	31	34
26	T	32	7
26	T	33	151
26	T	34	91
26	T	35	1
26	T	36	68
26	T	37	472
26	T	38	576
26	T	39	2407
27	A	14	2
27	A	15	2
27	A	16	4
27	A	17	2
27	A	18	3
27	A	19	2
27	A	20	1
27	A	27	1
27	A	30	1
27	A	36	1
27	A	38	2
27	A	39	2
27	C	13	1
27	C	14	2
27	C	15	3
27	C	16	23
27	C	18	14
27	C	19	1
27	C	20	2
27	C	25	1
27	C	27	3
27	C	30	2
27	C	31	2
27	C	32	2
27	C	33	11
27	C	35	3
27	C	36	5
27	C	37	29
27	C	38	29
27	C	39	113
27	G	12	1
27	G	13	5
27	G	14	21
27	G	15	40
27	G	16	203
27	G	17	43
27	G	18	143
27	G	19	3
27	G	24	2
27	G	25	5
27	G	26	6
27	G	27	31
27	G	28	2
27	G	29	11
27	G	30	38
27	G	31	27
27	G	32	4
27	G	33	214
27	G	34	114
27	G	35	6
27	G	36	121
27	G	37	612
27	G	38	538
27	G	39	2012
27	T	15	1
27	T	16	6
27	T	17	1
27	T	18	6
27	T	19	1
27	T	27	1
27	T	29	1
27	T	37	4
27	T	38	5
27	T	39	17
28	A	12	1
28	A	15	4
28	A	16	2
28	A	17	3
28	A	18	5
28	A	19	1
28	A	33	1
28	A	34	1
28	A	38	4
28	A	39	1
28	C	12	1
28	C	13	3
28	C	14	11
28	C	15	34
28	C	16	280
28	C	17	14
28	C	18	165
28	C	19	2
28	C	20	24
28	C	24	6
28	C	25	2
28	C	26	7
28	C	27	17
28	C	28	4
28	C	29	12
28	C	30	32
28	C	31	24
28	C	32	5
28	C	33	242
28	C	34	12
28	C	35	110
28	C	36	129
28	C	37	586
28	C	38	574
28	C	39	1951
28	G	14	6
28	G	15	3
28	G	16	6
28	G	17	2
28	G	18	4
28	G	20	1
28	G	29	3
28	G	30	2
28	G	31	1
28	G	32	1
28	G	33	5
28	G	34	1
28	G	36	6
28	G	37	3
28	G	38	25
28	G	39	19
28	T	16	5
28	T	17	3
28	T	20	2
28	T	31	1
28	T	33	1
28	T	38	1
28	T	39	3
29	A	12	2
29	A	14	2
29	A	15	3
29	A	16	10
29	A	18	4
29	A	19	4
29	A	27	1
29	A	29	1
29	A	31	1
29	A	33	1
29	A	34	2
29	A	36	7
29	A	37	1
29	A	38	19
29	C	12	1
29	C	13	6
29	C	14	12
29	C	15	33
29	C	16	204
29	C	17	31
29	C	18	133
29	C	19	1
29	C	20	3
29	C	24	3
29	C	25	3
29	C	26	5
29	C	27	32
29	C	28	1
29	C	29	20
29	C	30	37
29	C	31	34
29	C	32	11
29	C	33	197
29	C	34	133
29	C	35	1
29	C	36	88
29	C	37	492
29	C	38	478
29	C	39	1952
29	G	12	1
29	G	14	14
29	G	15	3
29	G	18	1
29	G	27	6
29	G	29	6
29	G	30	10
29	G	31	6
29	G	32	3
29	G	33	1
29	G	34	11
29	G	35	1
29	G	36	26
29	G	37	9
29	G	38	100
29	T	15	3
29	T	16	1
29	T	17	11
29	T	19	6
29	T	29	1
29	T	33	2
29	T	36	1
29	T	39	1
30	A	12	3
30	A	13	2
30	A	14	11
30	A	15	4
30	A	16	3
30	A	17	2
30	A	18	4
30	A	19	1
30	A	24	1
30	A	25	1
30	A	27	2
30	A	29	5
30	A	30	6
30	A	31	6
30	A	32	2
30	A	33	6
30	A	34	14
30	A	35	1
30	A	36	25
30	A	37	4
30	A	38	96
30	A	39	2
30	C	14	2
30	C	15	1
30	C	16	1
30	C	17	1
30	C	18	5
30	C	30	1
30	C	33	2
30	C	34	2
30	C	37	6
30	C	38	8
30	C	39	15
30	G	12	52
30	G	13	3
30	G	14	311
30	G	15	14
30	G	16	12
30	G	17	3
30	G	18	1
30	G	19	2
30	G	24	3
30	G	25	3
30	G	26	1
30	G	27	67
30	G	29	121
30	G	30	109
30	G	31	103
30	G	32	29
30	G	33	49
30	G	34	232
30	G	35	33
30	G	36	614
30	G	37	152
30	G	38	1856
30	G	39	4
30	T	14	2
30	T	16	7
30	T	17	1
30	T	18	3
30	T	19	3
30	T	30	1
30	T	37	1
30	T	38	1
30	T	39	2
31	A	12	61
31	A	13	3
31	A	14	292
31	A	15	19
31	A	16	18
31	A	17	3
31	A	18	7
31	A	19	3
31	A	24	4
31	A	25	4
31	A	26	1
31	A	27	55
31	A	28	2
31	A	29	72
31	A	30	118
31	A	31	114
31	A	32	23
31	A	33	36
31	A	34	285
31	A	35	28
31	A	36	527
31	A	37	144
31	A	38	1839
31	A	39	7
31	C	12	1
31	C	14	7
31	C	16	1
31	C	17	1
31	C	32	1
31	C	36	1
31	C	37	2
31	C	38	3
31	G	12	5
31	G	14	23
31	G	16	2
31	G	27	3
31	G	29	10
31	G	30	5
31	G	31	3
31	G	32	3
31	G	33	3
31	G	34	19
31	G	35	2
31	G	36	28
31	G	37	8
31	G	38	104
31	G	39	2
31	T	14	8
31	T	15	1
31	T	16	3
31	T	17	1
31	T	38	1
32	A	12	10
32	A	13	2
32	A	14	20
32	A	15	4
32	A	16	3
32	A	18	1
32	A	27	4
32	A	29	10
32	A	30	3
32	A	31	3
32	A	32	3
32	A	33	4
32	A	34	22
32	A	35	6
32	A	36	35
32	A	37	13
32	A	38	96
32	A	39	2
32	C	14	6
32	C	15	1
32	C	16	1
32	C	27	1
32	C	32	1
32	C	33	2
32	C	36	4
32	C	37	4
32	C	38	21
32	G	12	92
32	G	13	4
32	G	14	342
32	G	15	25
32	G	16	7
32	G	18	4
32	G	24	2
32	G	25	3
32	G	26	5
32	G	27	79
32	G	29	80
32	G	30	119
32	G	31	113
32	G	32	15
32	G	33	28
32	G	34	297
32	G	35	29
32	G	36	459
32	G	37	150
32	G	38	1676
32	G	39	4
32	T	14	8
32	T	16	4
32	T	17	1
32	T	31	1
32	T	38	1
33	A	12	39
33	A	13	6
33	A	14	177
33	A	15	13
33	A	16	11
33	A	17	2
33	A	18	4
33	A	19	1
33	A	24	12
33	A	25	5
33	A	26	8
33	A	27	73
33	A	29	98
33	A	30	64
33	A	31	135
33	A	32	38
33	A	33	64
33	A	34	297
33	A	35	52
33	A	36	554
33	A	37	185
33	A	38	1660
33	A	39	11
33	C	12	1
33	C	13	2
33	C	14	13
33	C	15	1
33	C	16	5
33	C	17	1
33	C	24	1
33	C	27	3
33	C	30	10
33	C	32	12
33	C	34	4
33	C	35	6
33	C	36	29
33	C	37	13
33	C	38	106
33	C	39	1
33	G	12	2
33	G	14	3
33	G	15	1
33	G	16	1
33	G	27	2
33	G	29	2
33	G	30	1
33	G	31	1
33	G	34	8
33	G	36	5
33	G	37	1
33	G	38	14
33	T	14	2
33	T	20	1
34	A	12	2
34	A	13	1
34	A	14	8
34	A	15	1
34	A	16	2
34	A	17	1
34	A	18	1
34	A	27	1
34	A	30	2
34	A	32	1
34	A	33	1
34	A	34	6
34	A	35	1
34	A	36	8
34	A	37	3
34	A	38	15
34	C	12	9
34	C	13	43
34	C	14	248
34	C	15	6
34	C	16	47
34	C	17	2
34	C	18	8
34	C	24	8
34	C	25	4
34	C	26	5
34	C	27	58
34	C	29	47
34	C	30	161
34	C	31	1
34	C	32	128
34	C	33	28
34	C	34	101
34	C	35	183
34	C	36	568
34	C	37	264
34	C	38	1634
34	C	39	4
34	G	13	1
34	G	14	12
34	G	15	3
34	G	16	4
34	G	17	1
34	G	18	1
34	G	20	1
34	G	27	1
34	G	29	1
34	G	30	2
34	G	31	2
34	G	33	1
34	G	34	3
34	G	35	1
34	G	36	2
34	G	37	1
34	G	38	16
34	T	14	4
34	T	17	1
34	T	19	1
34	T	34	1
34	T	37	2
34	T	38	3
35	A	14	1
35	A	15	14
35	A	16	1
35	A	17	5
35	A	18	1
35	A	29	1
35	A	30	1
35	A	33	2
35	A	34	2
35	A	36	3
35	A	37	4
35	A	38	17
35	A	39	1
35	C	12	2
35	C	13	49
35	C	14	293
35	C	15	3
35	C	16	65
35	C	17	1
35	C	18	4
35	C	24	3
35	C	25	7
35	C	26	4
35	C	27	28
35	C	28	3
35	C	29	22
35	C	30	117
35	C	31	3
35	C	32	90
35	C	33	10
35	C	34	146
35	C	35	1
35	C	36	296
35	C	37	669
35	C	38	1506
35	C	39	8
35	G	12	2
35	G	13	1
35	G	14	29
35	G	15	3
35	G	16	2
35	G	17	1
35	G	27	4
35	G	29	8
35	G	30	7
35	G	31	5
35	G	32	1
35	G	34	8
35	G	35	3
35	G	36	27
35	G	37	7
35	G	38	91
35	T	14	1
35	T	16	7
35	T	20	1
35	T	35	1
35	T	36	1
35	T	37	2
35	T	38	4
35	T	39	1
36	A	12	3
36	A	13	2
36	A	14	15
36	A	15	3
36	A	16	1
36	A	18	1
36	A	20	1
36	A	24	1
36	A	27	4
36	A	29	3
36	A	30	2
36	A	31	8
36	A	32	2
36	A	34	18
36	A	35	3
36	A	36	22
36	A	37	9
36	A	38	95
36	A	39	1
36	C	13	2
36	C	14	5
36	C	15	1
36	C	27	1
36	C	30	2
36	C	32	1
36	C	33	1
36	C	34	2
36	C	36	4
36	C	37	7
36	C	38	13
36	C	39	3
36	G	12	54
36	G	13	2
36	G	14	229
36	G	15	13
36	G	16	6
36	G	17	2
36	G	24	6
36	G	25	3
36	G	26	9
36	G	27	81
36	G	29	111
36	G	30	80
36	G	31	104
36	G	32	21
36	G	33	57
36	G	34	306
36	G	35	56
36	G	36	421
36	G	37	115
36	G	38	1563
36	G	39	6
36	T	14	2
36	T	15	1
36	T	16	2
36	T	17	1
36	T	18	6
36	T	20	1
36	T	27	1
36	T	30	1
36	T	31	1
36	T	33	4
36	T	34	2
36	T	36	2
36	T	37	5
36	T	38	15
36	T	39	2
37	A	12	53
37	A	13	3
37	A	14	172
37	A	15	8
37	A	16	8
37	A	17	2
37	A	18	4
37	A	20	1
37	A	24	8
37	A	25	7
37	A	26	3
37	A	27	48
37	A	28	2
37	A	29	71
37	A	30	77
37	A	31	92
37	A	32	21
37	A	33	51
37	A	34	270
37	A	35	54
37	A	36	319
37	A	37	114
37	A	38	1783
37	A	39	8
37	C	12	1
37	C	13	1
37	C	14	4
37	C	20	1
37	C	27	1
37	C	30	3
37	C	31	1
37	C	33	1
37	C	34	2
37	C	36	2
37	C	37	3
37	C	38	15
37	C	39	2
37	G	14	6
37	G	16	1
37	G	27	1
37	G	30	1
37	G	34	2
37	G	35	1
37	G	36	5
37	G	37	1
37	G	38	15
37	T	12	1
37	T	13	1
37	T	14	24
37	T	15	2
37	T	16	3
37	T	18	2
37	T	25	2
37	T	26	1
37	T	27	3
37	T	29	2
37	T	30	3
37	T	31	3
37	T	32	1
37	T	33	4
37	T	34	15
37	T	35	4
37	T	36	21
37	T	37	7
37	T	38	95
37	T	39	4
38	A	12	3
38	A	13	1
38	A	14	9
38	A	15	1
38	A	16	2
38	A	29	2
38	A	30	1
38	A	31	2
38	A	33	2
38	A	34	5
38	A	35	3
38	A	36	1
38	A	37	2
38	A	38	17
38	C	12	8
38	C	14	19
38	C	15	1
38	C	16	2
38	C	18	1
38	C	20	1
38	C	24	3
38	C	26	1
38	C	27	2
38	C	29	5
38	C	30	3
38	C	31	8
38	C	32	1
38	C	33	3
38	C	34	19
38	C	35	2
38	C	36	13
38	C	37	6
38	C	38	91
38	C	39	9
38	G	12	1
38	G	14	3
38	G	18	2
38	G	24	1
38	G	27	1
38	T	12	54
38	T	13	3
38	T	14	191
38	T	15	5
38	T	16	11
38	T	17	4
38	T	18	5
38	T	19	2
38	T	20	1
38	T	24	3
38	T	25	8
38	T	26	5
38	T	27	68
38	T	28	2
38	T	29	49
38	T	30	77
38	T	31	93
38	T	32	28
38	T	33	49
38	T	34	315
38	T	35	64
38	T	36	281
38	T	37	123
38	T	38	1642
38	T	39	26
39	A	12	2
39	A	13	1
39	A	14	3
39	A	15	1
39	A	16	1
39	A	17	1
39	A	18	1
39	A	27	1
39	A	33	1
39	A	38	1
39	C	12	67
39	C	13	2
39	C	14	209
39	C	15	7
39	C	16	14
39	C	17	4
39	C	18	10
39	C	19	1
39	C	24	6
39	C	25	5
39	C	26	4
39	C	27	83
39	C	28	1
39	C	29	49
39	C	30	107
39	C	31	105
39	C	32	11
39	C	33	37
39	C	34	390
39	C	35	45
39	C	36	191
39	C	37	121
39	C	38	1534
39	C	39	22
39	G	14	6
39	G	16	1
39	T	13	5
39	T	14	10
39	T	15	9
39	T	16	4
39	T	17	1
39	T	24	2
39	T	25	1
39	T	27	3
39	T	29	4
39	T	30	1
39	T	31	3
39	T	32	2
39	T	33	2
39	T	34	5
39	T	35	1
39	T	36	3
39	T	37	23
39	T	38	43
39	T	39	106
40	A	12	1
40	A	13	2
40	A	14	4
40	A	16	2
40	A	17	1
40	A	18	1
40	A	19	1
40	A	33	1
40	A	39	2
40	C	12	4
40	C	13	4
40	C	14	14
40	C	15	2
40	C	16	6
40	C	17	7
40	C	18	1
40	C	19	3
40	C	25	2
40	C	26	1
40	C	27	2
40	C	29	3
40	C	30	2
40	C	31	2
40	C	33	6
40	C	34	5
40	C	35	8
40	C	36	2
40	C	37	27
40	C	38	52
40	C	39	71
40	G	13	2
40	G	14	6
40	G	16	2
40	G	17	1
40	G	30	1
40	G	38	2
40	T	12	2
40	T	13	51
40	T	14	8
40	T	15	129
40	T	16	13
40	T	17	11
40	T	18	3
40	T	19	7
40	T	20	1
40	T	24	3
40	T	25	7
40	T	26	4
40	T	27	28
40	T	28	1
40	T	29	9
40	T	30	28
40	T	31	10
40	T	32	53
40	T	33	46
40	T	34	75
40	T	35	4
40	T	36	46
40	T	37	387
40	T	38	436
40	T	39	1596
41	A	15	1
41	A	16	5
41	A	39	2
41	C	12	1
41	C	13	6
41	C	14	11
41	C	15	42
41	C	16	51
41	C	17	133
41	C	18	15
41	C	19	44
41	C	20	3
41	C	24	5
41	C	25	7
41	C	26	4
41	C	27	12
41	C	28	4
41	C	29	16
41	C	30	25
41	C	31	17
41	C	33	129
41	C	34	6
41	C	35	82
41	C	36	96
41	C	37	397
41	C	38	493
41	C	39	1287
41	G	14	3
41	G	15	4
41	G	16	9
41	G	17	2
41	G	19	6
41	G	27	1
41	G	29	1
41	G	30	1
41	G	38	3
41	T	13	1
41	T	15	9
41	T	16	10
41	T	17	5
41	T	18	2
41	T	19	3
41	T	20	1
41	T	24	1
41	T	29	3
41	T	30	3
41	T	31	5
41	T	33	9
41	T	34	2
41	T	35	6
41	T	37	19
41	T	38	28
41	T	39	102
42	A	15	2
42	A	16	3
42	A	17	4
42	A	19	1
42	A	33	1
42	A	37	2
42	A	38	1
42	A	39	5
42	C	12	1
42	C	13	2
42	C	14	3
42	C	15	10
42	C	16	18
42	C	17	4
42	C	18	4
42	C	19	1
42	C	25	2
42	C	28	1
42	C	30	2
42	C	31	1
42	C	33	11
42	C	34	1
42	C	35	7
42	C	36	6
42	C	37	16
42	C	38	20
42	C	39	103
42	G	12	1
42	G	13	1
42	G	14	8
42	G	15	3
42	G	16	2
42	G	17	1
42	G	18	1
42	G	30	2
42	G	35	1
42	G	36	2
42	G	37	1
42	G	38	16
42	T	12	1
42	T	14	3
42	T	15	48
42	T	16	47
42	T	17	77
42	T	18	11
42	T	19	34
42	T	20	1
42	T	24	3
42	T	25	5
42	T	26	5
42	T	27	10
42	T	28	8
42	T	29	15
42	T	30	21
42	T	31	21
42	T	33	113
42	T	34	3
42	T	35	93
42	T	36	34
42	T	37	311
42	T	38	415
42	T	39	1514
43	A	13	1
43	A	16	4
43	A	17	4
43	A	18	1
43	A	20	1
43	A	29	1
43	A	31	2
43	A	33	2
43	A	37	4
43	A	38	6
43	A	39	14
43	C	12	1
43	C	13	8
43	C	14	14
43	C	15	29
43	C	16	133
43	C	17	26
43	C	18	26
43	C	19	2
43	C	24	5
43	C	25	15
43	C	26	5
43	C	27	39
43	C	29	10
43	C	30	22
43	C	31	17
43	C	33	96
43	C	34	6
43	C	35	74
43	C	36	40
43	C	37	299
43	C	38	339
43	C	39	1554
43	G	13	2
43	G	14	14
43	G	15	1
43	G	16	2
43	G	17	2
43	G	19	1
43	G	25	2
43	G	27	6
43	G	29	2
43	G	30	5
43	G	32	6
43	G	33	1
43	G	34	7
43	G	35	11
43	G	36	16
43	G	37	7
43	G	38	77
43	T	14	1
43	T	15	2
43	T	16	2
43	T	17	3
43	T	18	2
43	T	19	4
43	T	29	1
43	T	33	1
43	T	35	2
43	T	36	1
43	T	37	3
43	T	38	5
43	T	39	18
44	A	14	3
44	A	15	5
44	A	16	11
44	A	17	3
44	A	18	5
44	A	25	2
44	A	26	1
44	A	27	1
44	A	29	1
44	A	30	3
44	A	31	2
44	A	33	8
44	A	34	7
44	A	36	6
44	A	37	32
44	A	38	29
44	A	39	57
44	C	13	1
44	C	14	2
44	C	15	3
44	C	16	1
44	C	17	1
44	C	18	1
44	C	32	1
44	C	33	2
44	C	37	2
44	C	38	8
44	C	39	19
44	G	12	8
44	G	13	58
44	G	14	164
44	G	15	5
44	G	16	13
44	G	17	1
44	G	18	3
44	G	20	1
44	G	24	7
44	G	25	6
44	G	26	3
44	G	27	55
44	G	29	13
44	G	30	123
44	G	32	91
44	G	33	16
44	G	34	122
44	G	35	162
44	G	36	214
44	G	37	167
44	G	38	1477
44	G	39	2
44	T	14	2
44	T	15	2
44	T	16	5
44	T	18	1
44	T	37	3
44	T	39	1
45	A	12	4
45	A	13	11
45	A	14	34
45	A	15	45
45	A	16	183
45	A	17	43
45	A	18	60
45	A	19	2
45	A	24	5
45	A	25	7
45	A	26	4
45	A	27	42
45	A	28	3
45	A	29	12
45	A	30	33
45	A	31	19
45	A	32	2
45	A	33	137
45	A	34	133
45	A	35	1
45	A	36	62
45	A	37	449
45	A	38	451
45	A	39	1044
45	C	12	1
45	C	13	1
45	C	14	8
45	C	19	1
45	C	33	1
45	C	37	1
45	C	38	1
45	C	39	1
45	G	12	1
45	G	13	2
45	G	14	8
45	G	16	1
45	G	27	2
45	G	29	2
45	G	30	3
45	G	32	1
45	G	34	2
45	G	35	2
45	G	36	7
45	G	37	6
45	G	38	29
45	T	13	2
45	T	14	7
45	T	16	3
45	T	17	2
45	T	27	1
45	T	30	2
45	T	33	2
45	T	37	3
45	T	38	1
46	A	12	6
46	A	13	8
46	A	14	57
46	A	15	151
46	A	16	12
46	A	17	71
46	A	18	2
46	A	19	2
46	A	20	1
46	A	24	6
46	A	25	10
46	A	26	5
46	A	27	50
46	A	28	3
46	A	29	14
46	A	30	44
46	A	31	17
46	A	33	134
46	A	34	117
46	A	35	1
46	A	36	48
46	A	37	392
46	A	38	382
46	A	39	1091
46	C	12	2
46	C	14	9
46	C	29	1
46	C	31	1
46	C	34	1
46	C	37	1
46	G	12	2
46	G	13	3
46	G	14	16
46	G	16	1
46	G	17	1
46	G	19	1
46	G	26	1
46	G	27	3
46	G	29	1
46	G	30	7
46	G	31	1
46	G	32	4
46	G	33	2
46	G	34	7
46	G	36	14
46	G	37	31
46	G	38	66
46	T	13	1
46	T	14	5
46	T	15	3
46	T	16	1
46	T	17	1
46	T	18	2
46	T	19	1
46	T	27	2
46	T	30	4
46	T	34	2
46	T	36	2
46	T	37	7
46	T	39	2
47	A	13	1
47	A	14	6
47	A	15	1
47	A	17	1
47	A	18	1
47	A	26	1
47	A	27	1
47	A	30	1
47	A	32	1
47	A	34	2
47	A	35	3
47	A	36	1
47	A	37	9
47	A	38	9
47	A	39	9
47	C	13	1
47	C	14	6
47	C	15	2
47	C	16	2
47	C	35	1
47	C	38	2
47	G	12	10
47	G	13	51
47	G	14	177
47	G	15	8
47	G	16	13
47	G	17	4
47	G	18	4
47	G	19	1
47	G	24	4
47	G	25	4
47	G	26	7
47	G	27	44
47	G	29	13
47	G	30	71
47	G	31	1
47	G	32	69
47	G	33	9
47	G	34	102
47	G	35	3
47	G	36	227
47	G	37	608
47	G	38	1110
47	G	39	7
47	T	13	6
47	T	14	20
47	T	15	2
47	T	16	3
47	T	17	1
47	T	18	1
47	T	19	1
47	T	20	1
47	T	26	1
47	T	27	5
47	T	28	1
47	T	29	2
47	T	30	28
47	T	32	2
47	T	33	1
47	T	34	6
47	T	35	1
47	T	36	5
47	T	37	47
47	T	38	10
47	T	39	3
48	A	12	2
48	A	13	4
48	A	14	39
48	A	15	1
48	A	16	8
48	A	17	1
48	A	19	2
48	A	20	1
48	A	27	1
48	A	28	1
48	A	30	1
48	A	32	2
48	A	34	1
48	A	36	3
48	A	37	5
48	A	38	2
48	A	39	7
48	C	12	3
48	C	14	38
48	C	16	2
48	C	18	2
48	C	29	1
48	C	35	1
48	G	12	5
48	G	13	41
48	G	14	34
48	G	15	7
48	G	16	7
48	G	17	2
48	G	18	2
48	G	19	1
48	G	26	1
48	G	27	6
48	G	29	2
48	G	30	7
48	G	31	2
48	G	32	2
48	G	33	11
48	G	34	2
48	G	35	10
48	G	36	4
48	G	37	27
48	G	38	52
48	G	39	26
48	T	12	3
48	T	13	64
48	T	14	354
48	T	15	1
48	T	16	17
48	T	17	3
48	T	18	1
48	T	19	2
48	T	24	7
48	T	25	7
48	T	26	2
48	T	27	104
48	T	28	15
48	T	29	27
48	T	30	469
48	T	31	2
48	T	32	8
48	T	33	17
48	T	34	104
48	T	35	3
48	T	36	85
48	T	37	847
48	T	38	157
48	T	39	1
49	A	12	1
49	A	13	2
49	A	14	5
49	A	15	4
49	A	16	4
49	A	17	7
49	A	18	1
49	A	19	3
49	A	27	1
49	A	30	1
49	A	31	3
49	A	33	8
49	A	34	1
49	A	35	9
49	A	36	3
49	A	37	22
49	A	38	24
49	A	39	49
49	C	13	1
49	C	14	3
49	C	15	2
49	C	16	2
49	C	18	2
49	C	19	2
49	G	12	7
49	G	13	21
49	G	14	32
49	G	15	48
49	G	16	149
49	G	17	30
49	G	18	32
49	G	19	1
49	G	24	6
49	G	25	10
49	G	26	10
49	G	27	85
49	G	29	34
49	G	30	67
49	G	31	53
49	G	32	3
49	G	33	198
49	G	34	12
49	G	35	103
49	G	36	42
49	G	37	528
49	G	38	558
49	G	39	343
49	T	12	2
49	T	14	4
49	T	15	2
49	T	16	3
49	T	19	1
49	T	27	2
49	T	29	1
49	T	30	4
49	T	31	2
49	T	33	3
49	T	34	2
49	T	35	1
49	T	36	3
49	T	37	13
49	T	38	6
49	T	39	5
50	A	12	2
50	A	13	20
50	A	14	29
50	A	15	49
50	A	16	51
50	A	17	120
50	A	18	11
50	A	19	47
50	A	20	2
50	A	24	9
50	A	25	3
50	A	26	13
50	A	27	29
50	A	28	13
50	A	29	30
50	A	30	46
50	A	31	45
50	A	32	3
50	A	33	99
50	A	34	11
50	A	35	107
50	A	36	45
50	A	37	380
50	A	38	394
50	A	39	656
50	C	12	1
50	C	14	3
50	C	15	2
50	C	16	2
50	C	17	5
50	C	18	5
50	C	19	5
50	C	36	1
50	C	37	2
50	C	39	1
50	G	12	1
50	G	13	1
50	G	14	3
50	G	15	1
50	G	16	2
50	G	18	1
50	G	27	1
50	G	29	1
50	G	30	1
50	G	31	1
50	G	33	3
50	G	35	1
50	G	36	1
50	G	37	6
50	G	38	10
50	G	39	3
50	T	14	3
50	T	15	6
50	T	16	8
50	T	17	15
50	T	18	3
50	T	19	11
50	T	25	1
50	T	26	1
50	T	27	1
50	T	29	2
50	T	30	3
50	T	31	6
50	T	33	10
50	T	35	10
50	T	36	2
50	T	37	16
50	T	38	17
50	T	39	26
51	A	13	3
51	A	14	8
51	A	15	4
51	A	16	5
51	A	17	24
51	A	18	3
51	A	19	4
51	A	24	1
51	A	25	1
51	A	28	2
51	A	29	1
51	A	30	1
51	A	35	1
51	A	37	6
51	A	38	7
51	A	39	7
51	C	12	3
51	C	13	3
51	C	14	6
51	C	15	9
51	C	16	19
51	C	17	21
51	C	18	12
51	C	19	24
51	C	25	1
51	C	26	2
51	C	29	1
51	C	30	3
51	C	31	3
51	C	33	17
51	C	35	5
51	C	36	1
51	C	37	10
51	C	38	3
51	C	39	3
51	G	12	1
51	G	13	1
51	G	14	8
51	G	15	1
51	G	16	3
51	G	17	5
51	G	18	2
51	G	19	1
51	G	30	3
51	G	37	2
51	T	13	4
51	T	14	26
51	T	15	45
51	T	16	91
51	T	17	173
51	T	18	85
51	T	19	74
51	T	24	5
51	T	26	13
51	T	27	30
51	T	28	15
51	T	29	52
51	T	30	47
51	T	31	77
51	T	32	1
51	T	33	208
51	T	34	6
51	T	35	135
51	T	36	40
51	T	37	416
51	T	38	255
51	T	39	221
52	A	13	3
52	A	14	13
52	A	15	15
52	A	16	41
52	A	17	80
52	A	18	23
52	A	19	32
52	A	20	1
52	A	27	1
52	A	29	2
52	A	30	4
52	A	31	2
52	A	33	3
52	C	12	1
52	C	13	17
52	C	14	31
52	C	15	41
52	C	16	196
52	C	17	364
52	C	18	223
52	C	19	240
52	C	24	1
52	C	25	1
52	C	26	7
52	C	27	22
52	C	28	8
52	C	29	37
52	C	30	52
52	C	31	34
52	C	33	168
52	C	34	3
52	C	35	101
52	C	36	35
52	C	37	108
52	C	38	32
52	C	39	24
52	G	12	2
52	G	14	1
52	G	15	3
52	G	16	1
52	G	17	4
52	G	19	2
52	G	24	1
52	G	30	1
52	G	37	1
52	G	39	1
52	T	12	1
52	T	14	10
52	T	15	11
52	T	16	16
52	T	17	35
52	T	18	5
52	T	19	11
52	T	25	1
52	T	26	1
52	T	27	4
52	T	28	4
52	T	29	3
52	T	30	5
52	T	31	5
52	T	32	1
52	T	33	20
52	T	34	1
52	T	35	8
52	T	37	31
52	T	38	11
52	T	39	20
53	A	13	1
53	A	14	2
53	A	15	5
53	A	16	4
53	A	17	7
53	A	18	2
53	A	20	1
53	A	27	2
53	A	36	1
53	A	38	1
53	C	13	4
53	C	14	7
53	C	15	10
53	C	16	14
53	C	17	13
53	C	18	5
53	C	19	3
53	C	24	1
53	C	25	1
53	C	26	2
53	C	27	3
53	C	28	2
53	C	29	3
53	C	30	5
53	C	31	5
53	C	33	10
53	C	35	4
53	C	36	1
53	C	37	31
53	C	38	23
53	C	39	27
53	G	13	3
53	G	14	10
53	G	15	1
53	G	16	2
53	G	17	2
53	G	18	1
53	G	29	1
53	G	30	1
53	G	33	2
53	G	34	1
53	G	36	1
53	G	37	3
53	G	38	2
53	G	39	4
53	T	13	1
53	T	14	8
53	T	15	43
53	T	16	67
53	T	17	110
53	T	18	24
53	T	19	52
53	T	24	2
53	T	25	2
53	T	26	9
53	T	27	43
53	T	28	15
53	T	29	65
53	T	30	77
53	T	31	97
53	T	32	2
53	T	33	263
53	T	34	8
53	T	35	92
53	T	36	15
53	T	37	429
53	T	38	304
53	T	39	161
54	A	13	1
54	A	15	1
54	A	16	1
54	A	17	4
54	A	34	1
54	A	38	1
54	C	13	4
54	C	14	17
54	C	15	39
54	C	16	69
54	C	17	87
54	C	18	19
54	C	19	29
54	C	24	6
54	C	25	1
54	C	26	11
54	C	27	29
54	C	28	9
54	C	29	50
54	C	30	69
54	C	31	45
54	C	32	1
54	C	33	125
54	C	34	4
54	C	35	102
54	C	36	16
54	C	37	402
54	C	38	406
54	C	39	348
54	G	12	1
54	G	13	2
54	G	14	6
54	G	15	9
54	G	16	1
54	G	18	1
54	G	19	1
54	G	24	1
54	G	27	2
54	G	29	1
54	G	30	6
54	G	31	3
54	G	33	3
54	G	34	3
54	G	36	2
54	G	37	21
54	G	38	16
54	G	39	41
54	T	13	1
54	T	14	2
54	T	15	5
54	T	16	3
54	T	17	2
54	T	18	2
54	T	19	1
54	T	27	3
54	T	29	1
54	T	30	5
54	T	31	2
54	T	33	3
54	T	34	3
54	T	35	1
54	T	36	1
54	T	37	6
54	T	38	7
54	T	39	3
55	A	13	1
55	A	14	2
55	A	17	3
55	A	19	1
55	A	29	1
55	A	32	1
55	A	33	1
55	A	34	1
55	A	36	4
55	A	37	2
55	A	38	2
55	C	12	1
55	C	13	1
55	C	14	4
55	C	15	1
55	C	16	1
55	C	17	2
55	C	19	1
55	C	25	1
55	C	27	1
55	C	30	1
55	C	33	1
55	C	37	5
55	C	38	5
55	C	39	8
55	G	12	5
55	G	13	40
55	G	14	68
55	G	15	117
55	G	16	8
55	G	17	4
55	G	18	1
55	G	19	1
55	G	24	8
55	G	25	6
55	G	26	5
55	G	27	52
55	G	28	3
55	G	29	11
55	G	30	68
55	G	31	11
55	G	32	41
55	G	33	46
55	G	34	95
55	G	35	1
55	G	36	19
55	G	37	344
55	G	38	425
55	G	39	478
55	T	12	1
55	T	13	1
55	T	14	11
55	T	15	3
55	T	16	3
55	T	17	2
55	T	25	1
55	T	27	5
55	T	28	1
55	T	30	16
55	T	32	1
55	T	33	1
55	T	34	5
55	T	36	7
55	T	37	38
55	T	38	15
55	T	39	2
56	A	12	2
56	A	13	8
56	A	14	12
56	A	15	8
56	A	16	13
56	A	18	2
56	A	25	2
56	A	27	2
56	A	29	2
56	A	30	6
56	A	32	1
56	A	33	1
56	A	34	5
56	A	35	14
56	A	36	19
56	A	37	14
56	A	38	28
56	A	39	1
56	C	12	2
56	C	13	4
56	C	14	13
56	C	32	1
56	C	33	1
56	C	39	1
56	G	12	3
56	G	13	3
56	G	14	10
56	G	15	2
56	G	27	4
56	G	30	2
56	G	33	1
56	G	34	2
56	G	36	1
56	G	37	6
56	G	38	4
56	G	39	6
56	T	12	1
56	T	13	38
56	T	14	159
56	T	15	23
56	T	16	14
56	T	17	11
56	T	18	3
56	T	19	1
56	T	24	7
56	T	25	5
56	T	26	12
56	T	27	80
56	T	28	7
56	T	29	11
56	T	30	246
56	T	31	10
56	T	32	15
56	T	33	30
56	T	34	111
56	T	35	1
56	T	36	61
56	T	37	669
56	T	38	247
56	T	39	13
57	A	12	10
57	A	13	32
57	A	14	95
57	A	15	31
57	A	16	11
57	A	17	7
57	A	19	2
57	A	24	4
57	A	25	4
57	A	26	7
57	A	27	55
57	A	29	16
57	A	30	122
57	A	31	9
57	A	32	76
57	A	33	47
57	A	34	151
57	A	35	221
57	A	36	261
57	A	37	191
57	A	38	387
57	A	39	24
57	C	14	1
57	C	18	1
57	C	27	1
57	C	30	1
57	C	33	1
57	C	39	1
57	G	12	3
57	G	14	5
57	G	17	2
57	G	18	2
57	G	33	1
57	G	34	1
57	G	37	2
57	G	38	3
57	G	39	4
57	T	12	1
57	T	13	3
57	T	14	4
57	T	15	8
57	T	16	1
57	T	17	4
57	T	18	1
57	T	19	1
57	T	26	1
57	T	27	3
57	T	29	3
57	T	30	7
57	T	31	1
57	T	33	7
57	T	34	5
57	T	36	2
57	T	37	25
57	T	38	17
57	T	39	42
58	A	12	2
58	A	13	2
58	A	14	6
58	A	15	2
58	A	16	1
58	A	26	1
58	A	27	3
58	A	30	4
58	A	34	3
58	A	35	2
58	A	36	3
58	A	37	1
58	A	38	4
58	C	12	1
58	C	13	3
58	C	14	3
58	C	15	1
58	C	17	2
58	C	29	1
58	C	30	1
58	C	33	1
58	C	35	1
58	C	36	1
58	C	37	2
58	C	38	2
58	C	39	3
58	G	12	1
58	G	13	2
58	G	14	8
58	G	15	4
58	G	17	1
58	G	18	2
58	G	24	1
58	G	27	4
58	G	29	1
58	G	30	2
58	G	33	8
58	G	34	4
58	G	36	2
58	G	37	13
58	G	38	18
58	G	39	41
58	T	12	1
58	T	13	10
58	T	14	44
58	T	15	93
58	T	16	6
58	T	17	31
58	T	18	19
58	T	19	1
58	T	24	4
58	T	25	8
58	T	26	4
58	T	27	38
58	T	28	2
58	T	29	12
58	T	30	23
58	T	31	9
58	T	32	1
58	T	33	63
58	T	34	76
58	T	35	3
58	T	36	16
58	T	37	245
58	T	38	291
58	T	39	696
59	A	14	3
59	A	16	3
59	A	18	1
59	A	19	1
59	A	26	1
59	C	12	1
59	C	13	2
59	C	14	4
59	C	15	2
59	C	16	3
59	C	17	5
59	C	18	1
59	C	19	1
59	C	26	1
59	C	29	2
59	C	30	2
59	C	33	7
59	C	35	6
59	C	36	4
59	C	37	20
59	C	38	14
59	C	39	40
59	G	12	8
59	G	13	8
59	G	14	46
59	G	15	119
59	G	16	13
59	G	17	30
59	G	18	23
59	G	19	1
59	G	24	5
59	G	25	5
59	G	26	6
59	G	27	45
59	G	28	2
59	G	29	5
59	G	30	16
59	G	31	4
59	G	32	1
59	G	33	69
59	G	34	70
59	G	35	1
59	G	36	26
59	G	37	257
59	G	38	204
59	G	39	685
59	T	13	1
59	T	14	5
59	T	15	1
59	T	16	6
59	T	17	2
59	T	26	1
59	T	31	1
59	T	33	2
59	T	34	2
59	T	36	2
59	T	37	4
59	T	38	3
59	T	39	3
60	A	16	5
60	A	17	2
60	A	19	1
60	C	12	2
60	C	13	2
60	C	14	13
60	C	15	33
60	C	16	61
60	C	17	135
60	C	18	16
60	C	19	38
60	C	20	1
60	C	24	4
60	C	25	4
60	C	26	4
60	C	27	15
60	C	28	3
60	C	29	15
60	C	30	17
60	C	31	10
60	C	33	98
60	C	34	4
60	C	35	75
60	C	36	42
60	C	37	242
60	C	38	201
60	C	39	637
60	G	13	1
60	G	14	4
60	G	15	5
60	G	27	2
60	G	29	1
60	G	30	1
60	G	33	3
60	G	34	2
60	G	36	1
60	G	37	4
60	G	38	9
60	G	39	3
60	T	15	2
60	T	16	2
60	T	17	6
60	T	19	3
60	T	30	1
61	A	14	2
61	A	15	1
61	A	16	4
61	A	17	5
61	A	19	1
61	C	13	3
61	C	14	8
61	C	15	22
61	C	16	154
61	C	17	35
61	C	18	31
61	C	24	4
61	C	25	11
61	C	26	5
61	C	27	39
61	C	29	4
61	C	30	19
61	C	31	14
61	C	33	75
61	C	34	8
61	C	35	80
61	C	36	22
61	C	37	208
61	C	38	193
61	C	39	597
61	G	12	2
61	G	13	3
61	G	14	13
61	G	16	1
61	G	19	2
61	G	26	1
61	G	27	1
61	G	29	4
61	G	30	3
61	G	31	7
61	G	33	6
61	G	34	19
61	G	35	2
61	G	36	2
61	G	37	1
61	G	38	36
61	T	14	3
61	T	16	1
61	T	17	5
61	T	27	1
61	T	30	4
61	T	36	3
61	T	37	1
61	T	38	2
62	A	14	1
62	A	16	2
62	A	27	1
62	A	33	1
62	C	13	1
62	C	14	4
62	C	15	1
62	C	16	1
62	C	17	2
62	C	18	2
62	C	27	4
62	C	33	5
62	C	35	1
62	C	36	1
62	C	37	6
62	C	38	8
62	G	12	55
62	G	13	4
62	G	14	147
62	G	15	3
62	G	16	5
62	G	18	1
62	G	24	2
62	G	25	4
62	G	26	2
62	G	27	66
62	G	29	35
62	G	30	35
62	G	31	88
62	G	32	12
62	G	33	47
62	G	34	207
62	G	35	46
62	G	36	66
62	G	37	62
62	G	38	595
62	T	12	1
62	T	13	3
62	T	14	11
62	T	15	1
62	T	16	3
62	T	17	2
62	T	24	1
62	T	27	5
62	T	30	16
62	T	32	2
62	T	33	5
62	T	34	5
62	T	35	8
62	T	36	14
62	T	37	1
62	T	38	18
63	A	12	4
63	A	13	1
63	A	14	13
63	A	16	2
63	A	17	1
63	A	18	1
63	A	27	2
63	A	30	1
63	C	12	12
63	C	13	3
63	C	14	30
63	C	17	1
63	C	25	1
63	C	26	1
63	C	27	9
63	C	29	2
63	C	30	2
63	C	31	8
63	C	33	4
63	C	34	19
63	C	35	5
63	C	36	6
63	C	37	4
63	C	38	14
63	C	39	1
63	G	12	13
63	G	14	15
63	G	15	1
63	G	16	1
63	G	27	1
63	G	29	2
63	G	33	1
63	G	34	3
63	G	35	2
63	G	36	1
63	G	37	1
63	G	38	4
63	T	12	2
63	T	13	52
63	T	14	141
63	T	15	4
63	T	16	4
63	T	17	2
63	T	18	2
63	T	24	4
63	T	25	2
63	T	26	7
63	T	27	76
63	T	29	11
63	T	30	178
63	T	31	1
63	T	32	58
63	T	33	38
63	T	34	136
63	T	35	136
63	T	36	187
63	T	37	82
63	T	38	265
63	T	39	1
64	A	12	2
64	A	14	7
64	A	15	1
64	A	27	1
64	C	12	59
64	C	13	6
64	C	14	140
64	C	15	2
64	C	16	7
64	C	18	1
64	C	24	7
64	C	25	4
64	C	26	5
64	C	27	89
64	C	28	1
64	C	29	61
64	C	30	41
64	C	31	73
64	C	32	19
64	C	33	66
64	C	34	276
64	C	35	87
64	C	36	55
64	C	37	85
64	C	38	315
64	G	12	5
64	G	13	1
64	G	14	2
64	G	17	1
64	G	26	1
64	T	13	4
64	T	14	10
64	T	15	12
64	T	16	4
64	T	19	1
64	T	27	4
64	T	29	1
64	T	30	4
64	T	31	2
64	T	32	5
64	T	33	3
64	T	34	8
64	T	36	4
64	T	37	17
64	T	38	18
64	T	39	25
65	A	13	1
65	A	14	6
65	A	15	1
65	A	16	1
65	C	12	2
65	C	13	2
65	C	14	9
65	C	16	2
65	C	19	1
65	C	26	1
65	C	27	4
65	C	30	1
65	C	33	2
65	C	34	2
65	C	35	3
65	C	36	1
65	C	37	1
65	C	38	5
65	C	39	3
65	G	12	2
65	G	13	1
65	G	14	10
65	G	16	1
65	G	27	1
65	G	39	1
65	T	12	8
65	T	13	25
65	T	14	26
65	T	15	166
65	T	16	6
65	T	17	1
65	T	18	2
65	T	19	1
65	T	24	4
65	T	25	6
65	T	26	7
65	T	27	60
65	T	28	2
65	T	29	11
65	T	30	32
65	T	31	21
65	T	32	45
65	T	33	35
65	T	34	65
65	T	36	28
65	T	37	240
65	T	38	247
65	T	39	399
66	A	13	2
66	A	14	2
66	A	27	1
66	C	12	1
66	C	13	3
66	C	14	7
66	C	15	1
66	C	16	4
66	C	17	6
66	C	18	1
66	C	19	3
66	C	24	1
66	C	28	1
66	C	29	3
66	C	30	1
66	C	31	2
66	C	33	1
66	C	35	4
66	C	37	10
66	C	38	18
66	C	39	27
66	G	13	4
66	G	14	2
66	G	27	1
66	T	12	5
66	T	13	37
66	T	14	103
66	T	15	4
66	T	16	8
66	T	17	2
66	T	18	2
66	T	24	1
66	T	25	8
66	T	26	4
66	T	27	48
66	T	28	2
66	T	29	10
66	T	30	73
66	T	31	3
66	T	32	37
66	T	33	9
66	T	34	64
66	T	35	1
66	T	36	123
66	T	37	331
66	T	38	482
66	T	39	6
67	A	15	1
67	A	16	2
67	A	17	2
67	A	18	2
67	C	12	1
67	C	13	5
67	C	14	7
67	C	15	42
67	C	16	63
67	C	17	69
67	C	18	8
67	C	19	11
67	C	20	1
67	C	24	1
67	C	25	2
67	C	26	7
67	C	27	16
67	C	28	5
67	C	29	21
67	C	30	13
67	C	31	8
67	C	33	67
67	C	34	5
67	C	35	43
67	C	36	22
67	C	37	191
67	C	38	190
67	C	39	498
67	G	13	1
67	G	14	2
67	G	17	1
67	G	18	1
67	G	29	1
67	G	30	2
67	G	35	1
67	G	37	1
67	G	38	1
67	G	39	6
67	T	13	3
67	T	14	11
67	T	15	6
67	T	16	6
67	T	17	6
67	T	19	1
67	T	26	2
67	T	27	3
67	T	29	1
67	T	30	2
67	T	33	3
67	T	34	2
67	T	35	4
67	T	36	2
67	T	37	13
67	T	38	18
67	T	39	29
68	A	15	1
68	A	16	4
68	A	17	1
68	A	19	2
68	A	24	1
68	A	30	1
68	C	14	3
68	C	15	5
68	C	16	8
68	C	17	3
68	C	19	1
68	C	24	1
68	C	30	1
68	C	33	2
68	C	35	1
68	C	37	4
68	C	38	6
68	C	39	5
68	G	12	5
68	G	14	5
68	G	16	8
68	G	17	2
68	G	19	1
68	G	24	2
68	G	26	1
68	G	29	2
68	G	33	8
68	G	34	1
68	G	35	3
68	G	36	1
68	G	37	12
68	G	38	15
68	G	39	21
68	T	13	1
68	T	14	7
68	T	15	36
68	T	16	47
68	T	17	62
68	T	18	4
68	T	19	13
68	T	24	3
68	T	25	3
68	T	26	6
68	T	27	14
68	T	28	2
68	T	29	16
68	T	30	24
68	T	31	8
68	T	33	48
68	T	34	4
68	T	35	42
68	T	36	11
68	T	37	189
68	T	38	160
68	T	39	545
69	A	14	2
69	A	17	2
69	C	13	2
69	C	14	2
69	C	15	3
69	C	16	6
69	C	17	2
69	C	18	1
69	C	19	2
69	C	27	1
69	C	29	1
69	C	30	1
69	C	33	6
69	C	35	2
69	C	36	1
69	C	37	11
69	C	38	18
69	C	39	21
69	G	13	6
69	G	14	13
69	G	15	32
69	G	16	111
69	G	17	26
69	G	18	7
69	G	19	9
69	G	20	1
69	G	24	1
69	G	25	2
69	G	26	5
69	G	27	24
69	G	28	4
69	G	29	21
69	G	30	21
69	G	31	9
69	G	33	66
69	G	34	8
69	G	35	59
69	G	36	15
69	G	37	193
69	G	38	139
69	G	39	445
69	T	14	2
69	T	15	2
69	T	16	4
69	T	17	2
69	T	19	1
69	T	27	2
69	T	29	3
69	T	33	3
69	T	35	1
69	T	36	1
69	T	38	3
69	T	39	6
70	A	14	1
70	A	15	2
70	A	16	1
70	A	19	1
70	A	25	1
70	A	39	1
70	C	12	5
70	C	13	2
70	C	14	12
70	C	15	32
70	C	16	128
70	C	17	21
70	C	18	7
70	C	19	15
70	C	24	2
70	C	26	4
70	C	27	16
70	C	28	6
70	C	29	14
70	C	30	19
70	C	31	16
70	C	33	69
70	C	34	3
70	C	35	41
70	C	36	43
70	C	37	165
70	C	38	159
70	C	39	347
70	G	12	2
70	G	14	2
70	G	15	1
70	G	16	4
70	G	17	2
70	G	33	1
70	G	35	2
70	G	37	1
70	G	38	2
70	G	39	1
70	T	14	4
70	T	15	6
70	T	16	11
70	T	17	5
70	T	18	1
70	T	19	1
70	T	20	1
70	T	26	1
70	T	29	3
70	T	30	1
70	T	31	2
70	T	33	5
70	T	35	2
70	T	37	14
70	T	38	17
70	T	39	28
71	A	14	1
71	A	15	2
71	A	16	1
71	A	17	2
71	A	19	1
71	A	38	1
71	C	12	1
71	C	14	1
71	C	16	4
71	C	17	2
71	C	33	1
71	C	35	2
71	C	38	2
71	C	39	1
71	G	12	2
71	G	14	1
71	G	16	2
71	G	27	1
71	G	30	1
71	G	33	3
71	G	38	1
71	G	39	3
71	T	13	4
71	T	14	11
71	T	15	25
71	T	16	82
71	T	17	16
71	T	18	10
71	T	19	14
71	T	20	1
71	T	24	3
71	T	25	5
71	T	26	8
71	T	27	20
71	T	28	6
71	T	29	18
71	T	30	15
71	T	31	14
71	T	32	2
71	T	33	61
71	T	34	2
71	T	35	46
71	T	36	14
71	T	37	154
71	T	38	150
71	T	39	348
72	A	14	2
72	A	15	1
72	A	16	1
72	A	30	2
72	A	33	2
72	A	34	2
72	A	37	2
72	A	39	2
72	C	12	1
72	C	15	2
72	C	16	4
72	C	18	1
72	C	33	1
72	G	14	3
72	G	15	2
72	G	16	5
72	G	17	1
72	G	19	1
72	G	24	1
72	G	27	2
72	G	28	1
72	G	29	2
72	G	33	4
72	G	34	4
72	G	37	5
72	G	38	10
72	G	39	19
72	T	12	1
72	T	13	3
72	T	14	8
72	T	15	17
72	T	16	63
72	T	17	14
72	T	18	8
72	T	24	3
72	T	25	4
72	T	26	3
72	T	27	13
72	T	28	5
72	T	29	9
72	T	30	19
72	T	31	12
72	T	33	39
72	T	34	5
72	T	35	34
72	T	36	20
72	T	37	135
72	T	38	154
72	T	39	315
73	A	13	2
73	A	14	2
73	A	15	10
73	A	16	4
73	A	17	1
73	A	18	1
73	A	26	1
73	A	29	1
73	A	30	1
73	A	32	1
73	A	33	2
73	A	34	4
73	A	36	1
73	A	37	14
73	A	38	13
73	A	39	6
73	C	12	1
73	C	14	1
73	C	16	2
73	C	18	1
73	C	29	1
73	G	13	2
73	G	14	26
73	G	15	26
73	G	16	77
73	G	17	20
73	G	18	5
73	G	19	1
73	G	25	2
73	G	26	5
73	G	27	26
73	G	28	1
73	G	29	3
73	G	30	15
73	G	31	3
73	G	33	48
73	G	34	38
73	G	36	24
73	G	37	132
73	G	38	133
73	G	39	246
73	T	12	1
73	T	14	1
73	T	16	4
73	T	28	1
73	T	30	1
73	T	31	1
73	T	35	1
73	T	37	1
73	T	38	1
73	T	39	2
74	A	12	2
74	A	13	24
74	A	14	3
74	A	15	159
74	A	16	19
74	A	17	10
74	A	18	2
74	A	24	3
74	A	25	3
74	A	26	3
74	A	27	33
74	A	28	2
74	A	29	4
74	A	30	21
74	A	31	13
74	A	32	39
74	A	33	24
74	A	34	64
74	A	36	10
74	A	37	133
74	A	38	113
74	A	39	146
74	C	12	1
74	C	13	4
74	C	14	3
74	C	16	2
74	C	17	1
74	C	18	1
74	G	13	1
74	G	14	2
74	G	16	1
74	G	29	1
74	G	34	2
74	G	37	5
74	G	39	1
74	T	13	2
74	T	14	1
74	T	15	11
74	T	16	2
74	T	17	1
74	T	19	1
74	T	27	3
74	T	29	1
75	A	13	1
75	A	14	10
75	A	15	16
75	A	16	116
75	A	17	36
75	A	18	21
75	A	19	1
75	A	24	1
75	A	25	3
75	A	26	6
75	A	27	32
75	A	28	2
75	A	29	9
75	A	30	24
75	A	31	21
75	A	33	43
75	A	34	42
75	A	35	2
75	A	36	6
75	A	37	152
75	A	38	139
75	A	39	123
75	C	14	2
75	C	15	1
75	C	16	7
75	C	17	1
75	C	18	1
75	C	19	1
75	C	37	1
75	G	15	1
75	G	16	8
75	T	15	2
75	T	16	4
76	A	14	4
76	A	15	21
76	A	16	81
76	A	17	27
76	A	18	16
76	A	19	1
76	A	24	2
76	A	25	2
76	A	26	1
76	A	27	24
76	A	28	4
76	A	29	13
76	A	30	23
76	A	31	19
76	A	33	47
76	A	34	3
76	A	35	31
76	A	36	12
76	A	37	148
76	A	38	128
76	A	39	163
76	C	16	2
76	C	27	1
76	G	15	5
76	G	16	6
76	G	17	2
76	G	18	1
76	G	19	1
76	G	27	2
76	T	14	1
76	T	15	1
76	T	16	5
76	T	17	5
77	A	14	6
77	A	15	29
77	A	16	92
77	A	17	24
77	A	18	20
77	A	25	3
77	A	26	2
77	A	27	16
77	A	28	5
77	A	29	4
77	A	30	17
77	A	31	11
77	A	32	1
77	A	33	47
77	A	34	7
77	A	35	36
77	A	36	13
77	A	37	131
77	A	38	104
77	A	39	176
77	C	14	1
77	C	15	2
77	C	16	4
77	C	17	2
77	C	25	1
77	G	13	2
77	G	16	3
77	G	17	1
77	G	27	1
77	T	15	1
77	T	16	1
77	T	17	5
77	T	18	1
77	T	19	1
77	T	35	1
78	A	12	4
78	A	13	12
78	A	14	7
78	A	15	88
78	A	16	13
78	A	17	11
78	A	24	2
78	A	26	2
78	A	27	24
78	A	28	1
78	A	29	7
78	A	30	22
78	A	31	13
78	A	32	23
78	A	33	18
78	A	34	48
78	A	35	4
78	A	36	6
78	A	37	117
78	A	38	103
78	A	39	170
78	C	13	2
78	C	14	3
78	C	15	6
78	C	17	2
78	G	12	1
78	G	13	2
78	G	14	2
78	G	15	3
78	G	16	1
78	G	27	1
78	G	30	1
78	T	15	1
78	T	16	7
78	T	17	3
78	T	18	1
78	T	19	1
78	T	27	2
79	A	12	27
79	A	13	6
79	A	14	87
79	A	15	11
79	A	16	16
79	A	17	5
79	A	18	2
79	A	25	3
79	A	27	43
79	A	29	12
79	A	30	28
79	A	31	43
79	A	32	11
79	A	33	16
79	A	34	97
79	A	35	26
79	A	36	15
79	A	37	45
79	A	38	159
79	C	13	4
79	C	14	8
79	C	15	1
79	G	14	4
79	G	15	1
79	G	16	2
79	G	37	1
79	T	13	2
79	T	15	13
79	T	16	8
79	T	17	5
79	T	27	1
79	T	33	1
80	A	12	37
80	A	13	3
80	A	14	91
80	A	15	5
80	A	16	19
80	A	17	5
80	A	18	3
80	A	24	1
80	A	25	1
80	A	26	1
80	A	27	50
80	A	29	21
80	A	30	26
80	A	31	48
80	A	32	11
80	A	33	17
80	A	34	103
80	A	35	21
80	A	36	10
80	A	37	26
80	A	38	117
80	C	13	6
80	C	14	9
80	C	15	5
80	C	16	1
80	C	27	1
80	G	13	3
80	G	14	1
80	G	15	2
80	G	16	1
80	G	24	1
80	G	27	1
80	G	31	1
80	T	15	9
80	T	16	3
80	T	17	3
80	T	28	1
80	T	30	1
80	T	33	1
81	A	12	48
81	A	13	10
81	A	14	76
81	A	15	9
81	A	16	20
81	A	17	2
81	A	18	1
81	A	24	2
81	A	25	5
81	A	26	5
81	A	27	49
81	A	28	1
81	A	29	19
81	A	30	30
81	A	31	47
81	A	32	22
81	A	33	17
81	A	34	99
81	A	35	11
81	A	36	4
81	A	37	23
81	A	38	71
81	C	13	3
81	C	14	8
81	C	16	3
81	C	17	2
81	G	13	1
81	G	14	1
81	G	15	4
81	G	16	2
81	T	15	12
81	T	16	4
81	T	17	8
81	T	27	3
81	T	33	1
82	A	12	82
82	A	13	6
82	A	14	83
82	A	15	13
82	A	16	18
82	A	17	6
82	A	24	5
82	A	25	6
82	A	26	3
82	A	27	50
82	A	28	1
82	A	29	21
82	A	30	18
82	A	31	49
82	A	32	17
82	A	33	6
82	A	34	58
82	A	35	16
82	A	36	1
82	A	37	11
82	A	38	38
82	A	39	1
82	C	12	1
82	C	13	7
82	C	14	8
82	C	15	1
82	C	16	5
82	C	17	4
82	C	18	1
82	C	27	2
82	C	30	1
82	C	34	1
82	G	13	2
82	G	14	3
82	G	15	2
82	G	16	1
82	G	17	1
82	G	27	1
82	G	29	1
82	G	31	1
82	G	32	1
82	G	33	1
82	T	13	2
82	T	15	17
82	T	16	6
82	T	17	4
82	T	19	1
82	T	27	1
82	T	30	1
82	T	33	2
82	T	38	1
83	A	12	125
83	A	13	7
83	A	14	67
83	A	15	16
83	A	16	15
83	A	17	5
83	A	24	1
83	A	25	1
83	A	26	3
83	A	27	68
83	A	28	1
83	A	29	20
83	A	30	12
83	A	31	23
83	A	32	13
83	A	33	10
83	A	34	27
83	A	35	11
83	A	36	1
83	A	37	2
83	A	38	10
83	C	13	5
83	C	14	12
83	C	15	5
83	C	16	5
83	C	17	3
83	C	27	2
83	C	29	3
83	C	30	5
83	C	32	1
83	C	33	1
83	G	13	7
83	G	14	9
83	G	15	2
83	G	16	6
83	G	17	1
83	G	27	1
83	G	29	1
83	G	30	2
83	T	13	5
83	T	15	18
83	T	16	4
83	T	17	9
83	T	18	2
83	T	27	4
83	T	28	1
83	T	29	3
83	T	31	1
84	A	12	109
84	A	13	12
84	A	14	34
84	A	15	17
84	A	16	22
84	A	17	7
84	A	18	2
84	A	24	2
84	A	25	3
84	A	27	50
84	A	28	1
84	A	29	16
84	A	30	11
84	A	31	7
84	A	32	3
84	A	33	5
84	A	34	6
84	A	35	1
84	A	37	2
84	A	38	2
84	C	12	1
84	C	13	24
84	C	14	18
84	C	15	4
84	C	16	5
84	C	17	1
84	C	18	1
84	C	25	1
84	C	26	1
84	C	27	9
84	C	28	1
84	C	29	4
84	C	30	4
84	C	31	1
84	C	33	1
84	C	37	1
84	G	13	10
84	G	14	11
84	G	15	5
84	G	16	5
84	G	17	3
84	G	24	1
84	G	25	1
84	G	26	1
84	G	27	3
84	G	30	1
84	G	31	1
84	G	34	2
84	T	13	16
84	T	14	1
84	T	15	29
84	T	16	19
84	T	17	11
84	T	18	1
84	T	26	1
84	T	27	10
84	T	29	1
84	T	30	6
84	T	33	1
84	T	35	1
85	A	12	70
85	A	13	20
85	A	14	31
85	A	15	16
85	A	16	26
85	A	17	11
85	A	18	1
85	A	24	1
85	A	25	2
85	A	26	2
85	A	27	32
85	A	28	2
85	A	29	7
85	A	30	5
85	A	31	3
85	A	32	2
85	A	33	5
85	A	34	1
85	A	37	2
85	A	38	2
85	C	12	2
85	C	13	47
85	C	14	17
85	C	15	5
85	C	16	21
85	C	17	1
85	C	24	1
85	C	25	1
85	C	26	1
85	C	27	13
85	C	29	2
85	C	30	4
85	C	31	2
85	C	33	2
85	C	34	1
85	C	37	2
85	G	12	1
85	G	13	12
85	G	14	8
85	G	15	6
85	G	16	7
85	G	17	5
85	G	27	2
85	G	29	1
85	G	30	1
85	G	33	2
85	T	13	5
85	T	14	2
85	T	15	21
85	T	16	23
85	T	17	5
85	T	18	1
85	T	19	1
85	T	26	1
85	T	27	12
85	T	28	1
85	T	30	7
85	T	31	4
85	T	33	4
85	T	34	1
85	T	37	1
85	T	38	1
86	A	12	34
86	A	13	34
86	A	14	23
86	A	15	25
86	A	16	31
86	A	17	6
86	A	24	1
86	A	25	3
86	A	26	2
86	A	27	26
86	A	28	4
86	A	29	5
86	A	30	5
86	A	31	6
86	A	32	2
86	A	33	3
86	A	37	5
86	C	13	38
86	C	14	9
86	C	15	9
86	C	16	15
86	C	17	2
86	C	18	1
86	C	27	11
86	C	28	1
86	C	29	5
86	C	30	3
86	C	31	2
86	C	37	1
86	C	38	1
86	G	12	4
86	G	13	13
86	G	14	7
86	G	15	6
86	G	16	6
86	G	17	2
86	G	18	1
86	G	19	1
86	G	27	5
86	G	29	1
86	G	30	2
86	T	13	5
86	T	14	2
86	T	15	17
86	T	16	35
86	T	17	12
86	T	19	1
86	T	24	1
86	T	26	2
86	T	27	13
86	T	28	2
86	T	29	7
86	T	30	4
86	T	31	8
86	T	32	1
86	T	33	5
86	T	35	1
86	T	37	3
86	T	39	1
87	A	12	19
87	A	13	34
87	A	14	9
87	A	15	12
87	A	16	31
87	A	17	9
87	A	18	1
87	A	19	1
87	A	24	1
87	A	25	2
87	A	27	23
87	A	28	2
87	A	29	5
87	A	30	4
87	A	31	5
87	A	33	2
87	A	34	2
87	A	35	1
87	A	37	2
87	A	38	3
87	C	12	2
87	C	13	33
87	C	14	16
87	C	15	15
87	C	16	22
87	C	17	3
87	C	24	2
87	C	25	1
87	C	27	10
87	C	28	1
87	C	29	3
87	C	30	3
87	C	31	1
87	C	33	1
87	C	34	1
87	C	35	2
87	C	37	2
87	G	12	5
87	G	13	12
87	G	14	4
87	G	15	5
87	G	16	8
87	G	17	4
87	G	18	1
87	G	29	1
87	G	30	4
87	T	13	4
87	T	14	8
87	T	15	17
87	T	16	29
87	T	17	13
87	T	18	1
87	T	19	1
87	T	24	1
87	T	25	4
87	T	26	1
87	T	27	15
87	T	28	4
87	T	29	8
87	T	30	6
87	T	31	4
87	T	33	3
87	T	34	1
87	T	35	4
87	T	37	2
87	T	38	3
88	A	12	8
88	A	13	24
88	A	14	7
88	A	15	21
88	A	16	38
88	A	17	10
88	A	24	1
88	A	25	2
88	A	26	3
88	A	27	11
88	A	28	3
88	A	29	1
88	A	30	2
88	A	31	1
88	A	33	1
88	A	34	1
88	A	35	2
88	A	37	2
88	C	12	5
88	C	13	27
88	C	14	13
88	C	15	14
88	C	16	13
88	C	17	10
88	C	18	1
88	C	19	1
88	C	24	1
88	C	25	1
88	C	26	1
88	C	27	13
88	C	28	1
88	C	29	6
88	C	30	5
88	C	32	1
88	C	33	2
88	C	34	2
88	C	37	1
88	G	12	2
88	G	13	16
88	G	14	10
88	G	15	5
88	G	16	10
88	G	17	1
88	G	18	2
88	G	19	1
88	G	25	1
88	G	27	4
88	G	32	2
88	G	37	1
88	T	13	5
88	T	14	5
88	T	15	22
88	T	16	30
88	T	17	17
88	T	18	1
88	T	19	1
88	T	25	1
88	T	26	3
88	T	27	11
88	T	28	7
88	T	29	4
88	T	30	4
88	T	31	2
88	T	33	1
88	T	35	2
88	T	36	1
88	T	37	4
88	T	38	2
89	A	12	8
89	A	13	21
89	A	14	10
89	A	15	12
89	A	16	31
89	A	17	8
89	A	18	2
89	A	19	1
89	A	24	2
89	A	25	2
89	A	26	5
89	A	27	9
89	A	28	1
89	A	29	1
89	A	30	4
89	A	31	3
89	A	33	1
89	A	34	1
89	A	35	2
89	A	38	1
89	C	12	2
89	C	13	20
89	C	14	10
89	C	15	17
89	C	16	21
89	C	17	6
89	C	19	2
89	C	25	2
89	C	26	2
89	C	27	18
89	C	29	5
89	C	30	2
89	C	31	2
89	C	33	1
89	C	35	1
89	C	37	2
89	G	12	15
89	G	13	10
89	G	14	12
89	G	15	7
89	G	16	11
89	G	27	5
89	G	29	1
89	G	31	2
89	G	35	1
89	T	12	1
89	T	13	3
89	T	14	2
89	T	15	22
89	T	16	28
89	T	17	13
89	T	19	4
89	T	24	1
89	T	25	2
89	T	26	3
89	T	27	15
89	T	28	2
89	T	30	6
89	T	31	2
89	T	33	1
89	T	37	2
90	A	12	8
90	A	13	14
90	A	14	10
90	A	15	23
90	A	16	24
90	A	17	5
90	A	18	2
90	A	25	1
90	A	26	5
90	A	27	10
90	A	29	3
90	A	30	1
90	A	31	2
90	A	35	2
90	A	37	3
90	A	38	2
90	C	12	9
90	C	13	18
90	C	14	12
90	C	15	25
90	C	16	23
90	C	17	5
90	C	25	1
90	C	26	3
90	C	27	11
90	C	29	4
90	C	30	7
90	C	31	4
90	C	33	1
90	C	34	1
90	C	39	1
90	G	12	7
90	G	13	8
90	G	14	14
90	G	15	5
90	G	16	4
90	G	17	4
90	G	18	1
90	G	26	2
90	G	27	8
90	G	29	1
90	G	33	1
90	G	34	1
90	G	37	1
90	T	13	2
90	T	14	3
90	T	15	17
90	T	16	21
90	T	17	10
90	T	18	1
90	T	19	1
90	T	25	3
90	T	26	2
90	T	27	11
90	T	28	3
90	T	29	5
90	T	30	5
90	T	31	4
90	T	32	1
90	T	33	3
90	T	34	1
91	A	12	7
91	A	13	15
91	A	14	15
91	A	15	19
91	A	16	17
91	A	17	6
91	A	18	1
91	A	24	1
91	A	25	2
91	A	26	2
91	A	27	8
91	A	29	4
91	A	30	1
91	A	33	3
91	A	34	1
91	A	35	2
91	A	37	3
91	C	12	4
91	C	13	20
91	C	14	10
91	C	15	18
91	C	16	13
91	C	17	2
91	C	18	1
91	C	19	1
91	C	24	2
91	C	25	2
91	C	26	1
91	C	27	8
91	C	28	1
91	C	29	2
91	C	30	6
91	C	31	1
91	C	34	1
91	C	37	1
91	G	12	11
91	G	13	16
91	G	14	8
91	G	15	10
91	G	16	9
91	G	17	3
91	G	27	8
91	G	29	1
91	G	30	1
91	G	31	2
91	G	37	1
91	G	38	1
91	T	12	2
91	T	13	2
91	T	14	4
91	T	15	32
91	T	16	23
91	T	17	8
91	T	19	2
91	T	24	1
91	T	25	1
91	T	26	2
91	T	27	7
91	T	28	5
91	T	29	3
91	T	30	2
91	T	31	3
91	T	33	2
91	T	35	1
91	T	37	4
91	T	38	1
92	A	12	9
92	A	13	6
92	A	14	9
92	A	15	20
92	A	16	25
92	A	17	8
92	A	19	1
92	A	24	1
92	A	27	7
92	A	28	1
92	A	29	4
92	A	30	4
92	A	33	1
92	A	38	1
92	C	12	5
92	C	13	18
92	C	14	11
92	C	15	19
92	C	16	10
92	C	17	4
92	C	24	1
92	C	25	5
92	C	26	3
92	C	27	8
92	C	28	1
92	C	29	6
92	C	30	3
92	C	31	1
92	C	32	1
92	C	35	1
92	C	36	1
92	C	37	2
92	C	38	1
92	G	12	7
92	G	13	11
92	G	14	12
92	G	15	3
92	G	16	6
92	G	17	1
92	G	18	1
92	G	27	5
92	T	12	2
92	T	13	3
92	T	14	10
92	T	15	22
92	T	16	23
92	T	17	5
92	T	19	1
92	T	25	3
92	T	26	1
92	T	27	7
92	T	28	4
92	T	29	5
92	T	30	5
92	T	31	1
92	T	33	2
92	T	35	2
92	T	36	1
92	T	37	2
92	T	38	1
93	A	12	1
93	A	13	14
93	A	14	10
93	A	15	21
93	A	16	19
93	A	17	4
93	A	18	1
93	A	19	2
93	A	26	1
93	A	27	11
93	A	30	3
93	A	31	1
93	A	34	1
93	A	37	1
93	A	38	1
93	C	12	4
93	C	13	14
93	C	14	13
93	C	15	15
93	C	16	15
93	C	17	3
93	C	18	1
93	C	25	2
93	C	26	1
93	C	27	10
93	C	29	2
93	C	30	2
93	C	31	4
93	C	32	1
93	C	33	1
93	C	35	1
93	C	37	2
93	C	38	2
93	G	12	8
93	G	13	5
93	G	14	6
93	G	15	10
93	G	16	5
93	G	18	1
93	G	26	1
93	G	27	3
93	G	30	1
93	G	31	1
93	T	12	1
93	T	13	8
93	T	14	10
93	T	15	21
93	T	16	19
93	T	17	3
93	T	18	1
93	T	25	1
93	T	26	1
93	T	27	7
93	T	28	5
93	T	29	4
93	T	30	3
93	T	31	7
93	T	34	3
93	T	35	1
93	T	36	1
93	T	37	2
93	T	38	1
94	A	12	1
94	A	13	9
94	A	14	10
94	A	15	20
94	A	16	17
94	A	17	7
94	A	18	1
94	A	25	2
94	A	26	2
94	A	27	6
94	A	28	4
94	A	29	3
94	A	30	3
94	A	31	1
94	A	33	2
94	A	35	1
94	A	36	1
94	A	37	1
94	A	38	2
94	C	12	4
94	C	13	17
94	C	14	17
94	C	15	16
94	C	16	12
94	C	17	2
94	C	19	1
94	C	25	4
94	C	27	8
94	C	28	1
94	C	30	2
94	C	31	2
94	C	33	1
94	C	34	3
94	C	37	1
94	G	12	8
94	G	13	6
94	G	14	2
94	G	15	5
94	G	16	3
94	G	17	2
94	G	25	1
94	G	26	1
94	G	27	2
94	G	28	1
94	G	29	1
94	G	37	1
94	T	12	3
94	T	13	4
94	T	14	6
94	T	15	16
94	T	16	18
94	T	17	7
94	T	24	1
94	T	26	1
94	T	27	2
94	T	28	3
94	T	29	2
94	T	30	2
94	T	31	3
94	T	33	1
94	T	35	4
94	T	36	1
94	T	37	3
94	T	38	1
95	A	12	4
95	A	13	3
95	A	14	7
95	A	15	20
95	A	16	13
95	A	17	5
95	A	18	1
95	A	25	1
95	A	26	2
95	A	27	4
95	A	28	2
95	A	30	4
95	A	37	1
95	A	38	1
95	C	12	5
95	C	13	13
95	C	14	15
95	C	15	19
95	C	16	18
95	C	17	3
95	C	25	1
95	C	26	1
95	C	27	8
95	C	30	3
95	C	31	1
95	C	34	1
95	C	35	1
95	C	37	1
95	G	12	10
95	G	13	3
95	G	14	7
95	G	15	4
95	G	16	5
95	G	17	1
95	G	26	1
95	G	27	1
95	G	28	1
95	G	37	1
95	T	13	4
95	T	14	7
95	T	15	18
95	T	16	21
95	T	17	4
95	T	18	1
95	T	24	1
95	T	25	2
95	T	26	1
95	T	27	7
95	T	28	2
95	T	29	5
95	T	30	1
95	T	31	2
95	T	33	3
95	T	34	1
95	T	37	1
95	T	38	1
96	A	12	3
96	A	13	2
96	A	14	8
96	A	15	17
96	A	16	13
96	A	17	6
96	A	24	2
96	A	26	2
96	A	27	4
96	A	28	2
96	A	29	1
96	A	30	1
96	A	31	2
96	A	33	1
96	A	35	2
96	A	39	1
96	C	12	5
96	C	13	14
96	C	14	17
96	C	15	20
96	C	16	15
96	C	17	4
96	C	25	3
96	C	26	1
96	C	27	5
96	C	30	3
96	C	31	3
96	C	35	1
96	C	38	1
96	G	12	6
96	G	13	5
96	G	14	5
96	G	15	2
96	G	16	3
96	G	25	1
96	G	26	1
96	G	28	1
96	G	29	1
96	G	37	1
96	T	12	4
96	T	13	2
96	T	14	1
96	T	15	18
96	T	16	16
96	T	17	5
96	T	18	2
96	T	19	1
96	T	25	2
96	T	26	1
96	T	27	7
96	T	28	4
96	T	30	1
96	T	31	2
96	T	33	2
96	T	37	1
96	T	38	1
96	T	39	1
97	A	12	3
97	A	13	6
97	A	14	7
97	A	15	11
97	A	16	6
97	A	19	1
97	A	26	1
97	A	27	3
97	A	28	3
97	A	29	1
97	A	30	3
97	A	31	2
97	A	33	1
97	A	35	1
97	A	37	3
97	A	39	1
97	C	12	5
97	C	13	10
97	C	14	12
97	C	15	7
97	C	16	12
97	C	17	5
97	C	18	1
97	C	25	2
97	C	26	4
97	C	27	11
97	C	29	2
97	C	30	4
97	C	32	1
97	C	34	1
97	C	38	1
97	G	12	6
97	G	13	6
97	G	14	6
97	G	15	2
97	G	16	6
97	G	24	1
97	G	25	3
97	G	27	1
97	G	34	1
97	G	37	1
97	T	12	1
97	T	13	6
97	T	14	2
97	T	15	18
97	T	16	18
97	T	17	2
97	T	24	1
97	T	25	1
97	T	27	7
97	T	28	5
97	T	29	1
97	T	30	3
97	T	31	4
97	T	33	2
97	T	37	1
97	T	38	1
98	A	12	3
98	A	13	3
98	A	14	5
98	A	15	7
98	A	16	20
98	A	17	2
98	A	26	1
98	A	27	4
98	A	29	1
98	A	30	1
98	A	37	2
98	C	12	6
98	C	13	15
98	C	14	10
98	C	15	10
98	C	16	7
98	C	17	3
98	C	24	1
98	C	25	4
98	C	26	1
98	C	27	7
98	C	28	1
98	C	29	1
98	C	30	1
98	C	39	1
98	G	12	6
98	G	13	8
98	G	14	6
98	G	15	10
98	G	16	4
98	G	17	1
98	G	24	1
98	G	27	2
98	G	28	1
98	G	29	1
98	G	31	1
98	G	35	1
98	T	12	1
98	T	13	3
98	T	14	2
98	T	15	18
98	T	16	16
98	T	17	2
98	T	18	1
98	T	19	1
98	T	24	1
98	T	26	3
98	T	27	6
98	T	28	2
98	T	29	1
98	T	30	1
98	T	31	3
98	T	33	2
98	T	34	1
98	T	36	1
98	T	38	2
99	A	13	4
99	A	14	4
99	A	15	15
99	A	16	10
99	A	17	1
99	A	24	1
99	A	25	1
99	A	27	3
99	A	28	1
99	C	12	7
99	C	13	11
99	C	14	7
99	C	15	15
99	C	16	16
99	C	17	1
99	C	18	1
99	C	24	1
99	C	25	2
99	C	26	2
99	C	27	4
99	C	28	1
99	C	29	3
99	C	30	1
99	C	31	1
99	C	32	1
99	C	33	3
99	G	12	5
99	G	13	4
99	G	14	6
99	G	15	4
99	G	16	3
99	G	26	1
99	G	35	1
99	G	37	1
99	T	12	1
99	T	13	2
99	T	14	4
99	T	15	17
99	T	16	10
99	T	17	5
99	T	18	1
99	T	24	2
99	T	27	5
99	T	28	5
99	T	29	2
99	T	30	1
99	T	31	2
99	T	34	4
99	T	37	4
99	T	38	2
100	A	12	4
100	A	13	2
100	A	14	7
100	A	15	8
100	A	16	10
100	A	17	4
100	A	18	1
100	A	24	1
100	A	27	5
100	A	28	1
100	A	29	1
100	A	31	3
100	C	12	3
100	C	13	11
100	C	14	12
100	C	15	8
100	C	16	7
100	C	17	1
100	C	24	2
100	C	27	8
100	C	28	1
100	C	29	1
100	C	30	1
100	C	31	2
100	C	33	1
100	G	12	4
100	G	13	4
100	G	14	4
100	G	15	2
100	G	16	3
100	G	25	1
100	G	27	5
100	G	33	2
100	G	39	1
100	T	12	1
100	T	13	3
100	T	14	4
100	T	15	13
100	T	16	17
100	T	24	1
100	T	25	2
100	T	26	2
100	T	27	6
100	T	28	4
100	T	29	2
100	T	30	4
100	T	31	2
100	T	33	2
100	T	34	1
100	T	37	1
100	T	38	1
101	A	12	2
101	A	13	10
101	A	14	2
101	A	15	6
101	A	16	8
101	A	17	1
101	A	18	1
101	A	25	2
101	A	26	1
101	A	27	7
101	A	28	3
101	A	29	1
101	A	30	1
101	A	31	1
101	A	32	1
101	C	12	7
101	C	13	9
101	C	14	8
101	C	15	15
101	C	16	9
101	C	17	3
101	C	24	1
101	C	25	1
101	C	26	1
101	C	27	6
101	C	29	5
101	C	30	1
101	C	31	1
101	C	34	1
101	G	12	5
101	G	13	1
101	G	14	2
101	G	15	3
101	G	16	2
101	G	27	1
101	G	28	1
101	G	29	1
101	T	13	3
101	T	15	11
101	T	16	13
101	T	17	4
101	T	24	1
101	T	26	1
101	T	27	9
101	T	28	1
101	T	29	3
101	T	30	2
101	T	31	2
101	T	33	1
101	T	37	1
102	A	12	1
102	A	13	1
102	A	14	4
102	A	15	7
102	A	16	14
102	A	17	1
102	A	24	1
102	A	25	1
102	A	26	1
102	A	27	1
102	A	30	2
102	A	35	1
102	A	37	2
102	C	12	5
102	C	13	7
102	C	14	8
102	C	15	10
102	C	16	9
102	C	17	1
102	C	24	2
102	C	25	2
102	C	27	4
102	C	29	1
102	C	30	1
102	C	31	1
102	C	35	1
102	C	38	1
102	G	12	5
102	G	13	3
102	G	14	2
102	G	15	2
102	G	16	2
102	G	17	1
102	G	27	1
102	G	30	1
102	T	12	3
102	T	13	7
102	T	14	5
102	T	15	12
102	T	16	18
102	T	17	2
102	T	19	1
102	T	25	2
102	T	27	7
102	T	28	1
102	T	29	2
102	T	30	1
102	T	31	2
102	T	34	1
102	T	35	1
103	A	12	2
103	A	13	2
103	A	14	3
103	A	15	7
103	A	16	7
103	A	19	1
103	A	27	2
103	A	29	1
103	A	30	2
103	A	31	1
103	A	33	1
103	C	12	6
103	C	13	10
103	C	14	5
103	C	15	10
103	C	16	14
103	C	17	1
103	C	24	1
103	C	27	5
103	C	28	1
103	C	30	2
103	C	37	1
103	G	12	1
103	G	13	7
103	G	14	3
103	G	15	1
103	G	16	3
103	G	24	1
103	G	26	3
103	G	27	1
103	G	30	1
103	G	34	1
103	G	35	1
103	T	13	3
103	T	14	6
103	T	15	17
103	T	16	12
103	T	17	1
103	T	26	1
103	T	27	5
103	T	28	1
103	T	29	1
103	T	30	4
103	T	31	2
103	T	37	1
103	T	38	1
104	A	12	3
104	A	13	3
104	A	14	1
104	A	15	8
104	A	16	10
104	A	17	3
104	A	27	3
104	A	30	1
104	A	34	1
104	A	35	1
104	A	37	2
104	A	39	1
104	C	12	5
104	C	13	7
104	C	14	5
104	C	15	4
104	C	16	5
104	C	25	1
104	C	26	4
104	C	27	2
104	C	28	2
104	C	29	1
104	C	30	1
104	C	33	2
104	G	12	4
104	G	13	6
104	G	14	5
104	G	15	2
104	G	16	3
104	G	25	2
104	G	32	1
104	G	37	1
104	T	12	3
104	T	13	7
104	T	14	3
104	T	15	10
104	T	16	10
104	T	17	1
104	T	24	2
104	T	25	1
104	T	26	1
104	T	27	4
104	T	28	2
104	T	29	1
104	T	30	3
104	T	31	2
104	T	33	1
104	T	37	1
104	T	38	2
105	A	12	1
105	A	13	4
105	A	14	3
105	A	15	9
105	A	16	7
105	A	19	1
105	A	27	1
105	A	28	2
105	A	29	2
105	A	33	1
105	C	12	3
105	C	13	9
105	C	14	8
105	C	15	5
105	C	16	8
105	C	17	1
105	C	25	1
105	C	26	1
105	C	27	6
105	C	28	2
105	C	29	1
105	C	34	1
105	C	35	1
105	C	38	1
105	G	12	4
105	G	13	6
105	G	14	4
105	G	15	3
105	G	16	2
105	G	17	1
105	G	25	2
105	G	27	3
105	G	32	1
105	T	12	1
105	T	13	4
105	T	14	4
105	T	15	9
105	T	16	9
105	T	17	1
105	T	25	2
105	T	26	1
105	T	27	3
105	T	28	1
105	T	29	1
105	T	30	1
105	T	31	2
105	T	35	1
105	T	37	1
105	T	38	1
106	A	12	1
106	A	13	5
106	A	14	2
106	A	15	3
106	A	16	10
106	A	17	1
106	A	25	1
106	A	27	3
106	A	28	1
106	A	30	1
106	A	31	1
106	A	37	1
106	A	38	1
106	C	12	3
106	C	13	8
106	C	14	4
106	C	15	12
106	C	16	7
106	C	17	2
106	C	24	1
106	C	25	2
106	C	26	1
106	C	27	2
106	C	28	1
106	C	29	2
106	C	30	1
106	C	34	1
106	G	12	7
106	G	13	5
106	G	14	2
106	G	16	3
106	G	17	1
106	G	26	1
106	G	27	3
106	G	32	1
106	T	12	4
106	T	13	2
106	T	14	3
106	T	15	10
106	T	16	6
106	T	17	1
106	T	19	1
106	T	27	5
106	T	29	1
106	T	30	1
106	T	31	2
106	T	38	1
107	A	12	1
107	A	13	4
107	A	14	4
107	A	15	3
107	A	16	8
107	A	17	4
107	A	19	1
107	A	25	1
107	A	26	1
107	A	30	1
107	C	12	3
107	C	13	7
107	C	14	5
107	C	15	8
107	C	16	9
107	C	17	1
107	C	25	2
107	C	26	1
107	C	27	5
107	C	28	1
107	C	34	1
107	C	35	1
107	G	12	5
107	G	13	5
107	G	14	1
107	G	15	1
107	G	16	1
107	G	27	2
107	T	12	5
107	T	13	1
107	T	14	4
107	T	15	10
107	T	16	8
107	T	17	3
107	T	25	1
107	T	26	1
107	T	27	6
107	T	28	2
107	T	30	1
107	T	31	1
107	T	35	2
107	T	38	1
108	A	12	2
108	A	13	2
108	A	14	2
108	A	15	5
108	A	16	8
108	A	19	1
108	A	25	1
108	A	26	1
108	A	27	1
108	A	35	1
108	C	12	5
108	C	13	5
108	C	14	4
108	C	15	11
108	C	16	8
108	C	17	2
108	C	25	1
108	C	27	5
108	C	29	1
108	C	30	1
108	G	12	4
108	G	13	4
108	G	14	2
108	G	16	1
108	G	17	1
108	G	27	2
108	T	12	4
108	T	13	3
108	T	14	1
108	T	15	14
108	T	16	8
108	T	17	3
108	T	25	2
108	T	26	2
108	T	27	5
108	T	28	2
108	T	31	1
108	T	34	1
108	T	39	1
109	A	12	2
109	A	13	3
109	A	14	3
109	A	15	4
109	A	16	10
109	A	17	1
109	A	27	3
109	A	30	2
109	A	31	1
109	A	37	1
109	C	12	5
109	C	13	4
109	C	14	3
109	C	15	13
109	C	16	7
109	C	17	3
109	C	25	1
109	C	26	3
109	C	27	2
109	C	31	1
109	C	34	1
109	G	12	8
109	G	13	2
109	G	14	1
109	T	12	3
109	T	13	2
109	T	14	2
109	T	15	5
109	T	16	8
109	T	17	2
109	T	19	1
109	T	25	3
109	T	27	6
109	T	28	2
109	T	29	2
109	T	30	1
110	A	12	2
110	A	13	3
110	A	14	2
110	A	15	5
110	A	16	8
110	A	17	1
110	A	26	1
110	A	27	1
110	A	28	1
110	A	29	2
110	A	30	2
110	A	33	1
110	C	12	3
110	C	13	3
110	C	14	3
110	C	15	8
110	C	16	7
110	C	24	1
110	C	25	2
110	C	27	4
110	C	30	3
110	C	32	1
110	C	34	1
110	C	38	1
110	G	12	6
110	G	13	3
110	G	15	1
110	G	17	1
110	G	24	1
110	T	12	1
110	T	13	3
110	T	14	1
110	T	15	11
110	T	16	9
110	T	17	3
110	T	25	1
110	T	26	2
110	T	27	1
110	T	29	2
110	T	30	2
111	A	12	1
111	A	13	4
111	A	14	1
111	A	15	4
111	A	16	9
111	A	17	1
111	A	26	1
111	A	27	2
111	A	30	1
111	A	34	1
111	C	12	8
111	C	14	2
111	C	15	8
111	C	16	8
111	C	17	1
111	C	25	3
111	C	26	2
111	C	27	3
111	C	28	1
111	C	36	1
111	G	12	3
111	G	13	3
111	G	14	4
111	G	16	2
111	G	26	1
111	G	27	1
111	T	12	2
111	T	15	6
111	T	16	7
111	T	25	1
111	T	26	1
111	T	27	2
111	T	28	2
111	T	29	1
111	T	30	3
111	T	35	1
111	T	37	1
111	T	38	1
112	A	12	1
112	A	13	5
112	A	14	3
112	A	15	5
112	A	16	7
112	A	25	1
112	A	27	2
112	A	30	1
112	A	33	1
112	C	12	3
112	C	13	4
112	C	14	2
112	C	15	2
112	C	16	5
112	C	24	1
112	C	26	3
112	C	27	3
112	C	29	2
112	C	30	1
112	C	34	1
112	C	37	1
112	G	12	6
112	G	13	1
112	G	14	1
112	G	16	2
112	G	27	4
112	G	30	1
112	T	12	1
112	T	13	2
112	T	14	2
112	T	15	5
112	T	16	6
112	T	17	2
112	T	26	2
112	T	27	1
112	T	28	1
112	T	29	1
112	T	30	2
112	T	34	1
113	A	12	1
113	A	15	6
113	A	16	6
113	A	25	2
113	A	26	1
113	A	27	1
113	A	29	1
113	A	30	3
113	C	12	3
113	C	13	4
113	C	14	4
113	C	15	5
113	C	16	4
113	C	17	1
113	C	25	2
113	C	27	3
113	C	29	2
113	C	34	1
113	G	12	4
113	G	13	5
113	G	16	1
113	G	25	1
113	G	27	1
113	T	12	2
113	T	13	1
113	T	15	8
113	T	16	8
113	T	25	3
113	T	27	3
113	T	28	1
113	T	31	1
113	T	33	1
113	T	38	1
114	A	12	1
114	A	13	2
114	A	14	3
114	A	15	7
114	A	16	6
114	A	26	2
114	A	27	1
114	A	28	2
114	A	29	1
114	A	31	2
114	C	12	2
114	C	13	7
114	C	14	1
114	C	15	6
114	C	16	2
114	C	24	1
114	C	26	1
114	C	27	6
114	C	29	1
114	G	12	4
114	G	14	2
114	G	15	2
114	G	16	1
114	T	12	2
114	T	13	1
114	T	15	3
114	T	16	11
114	T	25	1
114	T	26	1
114	T	27	1
114	T	28	1
114	T	38	1
115	A	13	2
115	A	14	4
115	A	15	4
115	A	16	3
115	A	26	1
115	A	27	2
115	A	30	1
115	A	37	1
115	C	13	9
115	C	14	1
115	C	15	6
115	C	16	5
115	C	25	3
115	C	26	3
115	C	27	2
115	C	28	3
115	C	29	1
115	C	37	1
115	G	12	2
115	G	13	2
115	G	15	1
115	G	16	2
115	G	29	1
115	T	13	4
115	T	14	3
115	T	15	4
115	T	16	3
115	T	17	1
115	T	26	2
115	T	27	1
115	T	28	1
115	T	29	2
115	T	33	1
115	T	37	1
116	A	13	2
116	A	14	2
116	A	15	1
116	A	16	4
116	A	24	1
116	A	30	1
116	C	12	1
116	C	13	8
116	C	14	2
116	C	15	9
116	C	16	3
116	C	24	1
116	C	27	3
116	C	37	1
116	C	38	1
116	G	12	2
116	G	13	2
116	G	14	3
116	G	16	2
116	T	13	4
116	T	15	8
116	T	16	5
116	T	17	1
116	T	24	1
116	T	26	1
116	T	27	2
116	T	28	2
116	T	29	1
116	T	37	2
116	T	38	1
116	T	39	1
117	A	12	1
117	A	13	4
117	A	14	1
117	A	15	4
117	A	16	4
117	A	24	1
117	A	27	1
117	A	29	2
117	A	37	1
117	C	12	2
117	C	13	3
117	C	15	7
117	C	16	4
117	C	24	1
117	C	26	2
117	C	35	1
117	G	12	2
117	G	13	2
117	G	14	1
117	G	16	1
117	G	26	1
117	G	34	1
117	T	14	1
117	T	15	11
117	T	16	6
117	T	17	1
117	T	24	1
117	T	27	3
117	T	28	1
117	T	29	2
117	T	34	1
117	T	38	1
118	A	12	1
118	A	13	1
118	A	15	5
118	A	16	4
118	A	28	1
118	A	38	1
118	C	12	1
118	C	13	3
118	C	14	1
118	C	15	2
118	C	16	1
118	C	17	1
118	C	24	2
118	C	27	1
118	C	30	1
118	C	38	1
118	G	12	2
118	G	13	1
118	G	14	1
118	G	15	2
118	G	16	1
118	G	25	1
118	T	13	1
118	T	14	1
118	T	15	4
118	T	16	2
118	T	17	1
118	T	27	1
118	T	34	1
118	T	35	1
119	A	12	1
119	A	13	3
119	A	14	1
119	A	15	5
119	A	16	4
119	C	12	2
119	C	13	1
119	C	14	1
119	C	15	1
119	C	16	2
119	C	17	1
119	C	24	1
119	C	25	1
119	C	26	1
119	C	29	1
119	G	12	1
119	G	13	1
119	G	15	1
119	T	15	2
119	T	16	2
119	T	24	1
119	T	27	2
119	T	29	2
119	T	37	1
120	A	14	1
120	A	15	6
120	A	16	5
120	C	13	3
120	C	15	1
120	C	16	2
120	C	25	1
120	C	27	1
120	C	28	1
120	C	29	1
120	C	35	1
120	G	12	1
120	G	15	1
120	T	15	3
120	T	16	2
120	T	27	1
121	A	13	1
121	A	16	4
121	A	25	1
121	C	13	3
121	C	15	4
121	C	16	1
121	C	26	1
121	C	27	1
121	G	12	1
121	T	15	5
121	T	16	2
121	T	26	1
121	T	28	1
121	T	35	1
121	T	38	1
122	A	13	1
122	A	15	2
122	A	16	2
122	A	17	1
122	C	12	1
122	C	13	2
122	C	15	1
122	C	27	1
122	C	35	1
122	G	13	1
122	G	15	1
122	T	13	1
122	T	15	3
122	T	16	2
123	A	13	1
123	A	15	2
123	A	16	1
123	A	29	1
123	C	13	1
123	C	14	1
123	C	16	1
123	C	26	1
123	C	27	1
123	G	15	1
123	G	16	1
123	T	14	1
123	T	15	1
123	T	16	1
123	T	27	1
124	A	13	1
124	A	16	1
124	C	13	2
124	C	14	1
124	C	15	1
124	C	26	1
124	C	29	1
124	G	15	1
124	G	16	1
124	T	15	1
124	T	28	1
125	A	15	1
125	A	27	1
125	A	29	1
125	C	13	1
125	C	15	2
125	C	16	1
125	C	25	1
125	G	12	3
125	T	15	1
126	A	14	1
126	A	15	1
126	A	16	1
126	C	12	1
126	C	13	1
126	C	15	1
126	C	30	1
126	T	15	2
126	T	27	2
127	A	16	1
127	A	25	1
127	A	27	1
127	C	12	1
127	C	13	1
127	C	15	1
127	G	16	1
127	G	26	1
127	T	16	1
127	T	27	1
128	A	12	2
128	A	14	1
128	A	15	1
128	C	14	1
128	C	15	1
128	G	27	1
128	T	28	1
129	A	12	1
129	A	15	1
129	C	13	1
129	C	27	1
129	C	30	1
129	G	13	1
129	T	28	1
130	A	12	1
130	A	27	1
130	C	27	1
130	G	12	1
130	T	15	1
130	T	29	1
130	T	35	1
131	A	13	1
131	A	27	1
131	C	14	1
131	T	13	1
132	A	13	1
132	C	13	1
132	G	28	1
133	G	14	1
