position	quality	count
0	12	4
0	14	17
0	15	19
0	16	32801
0	17	17
0	18	32525
0	19	8
0	20	9
0	24	1
0	25	1
0	26	2
0	27	2
0	28	1
0	29	95291
0	30	11109
0	31	3332
0	32	565840
0	33	573819
0	34	362075
0	35	50706
0	36	6580
0	37	155
0	38	79
0	39	137
1	12	4
1	13	1
1	14	15
1	15	17
1	16	24022
1	17	16
1	18	19195
1	19	10
1	20	6
1	21	2
1	24	1
1	26	2
1	27	4
1	28	2
1	29	63818
1	30	13458
1	31	6076
1	32	483138
1	33	628039
1	34	413541
1	35	71884
1	36	10280
1	37	178
1	38	91
1	39	142
1	40	1
2	12	3
2	13	1
2	14	16
2	15	10
2	16	25044
2	17	10
2	18	23583
2	19	6
2	20	10
2	24	4
2	25	1
2	27	4
2	29	42356
2	30	16528
2	31	8643
2	32	447620
2	33	641188
2	34	430909
2	35	84409
2	36	12901
2	37	195
2	38	126
2	39	146
2	40	1
3	12	2
3	13	2
3	14	9
3	15	14
3	16	26314
3	17	13
3	18	21569
3	19	9
3	20	8
3	25	1
3	26	1
3	27	1
3	29	41377
3	30	20221
3	31	11050
3	32	448902
3	33	636949
3	34	428012
3	35	86854
3	36	13554
3	37	277
3	38	141
3	39	158
4	12	4
4	13	1
4	14	9
4	15	10
4	16	33845
4	17	16
4	18	20529
4	19	5
4	20	2
4	25	1
4	27	1
4	29	43752
4	30	25864
4	31	15324
4	32	458179
4	33	622783
4	34	424159
4	35	79451
4	36	12166
4	37	254
4	38	175
4	39	162
5	12	1
5	13	1
5	14	9
5	15	10
5	16	16536
5	17	23
5	18	16775
5	19	5800
5	20	10383
5	26	3
5	27	1
5	28	1
5	29	7169
5	30	3215
5	31	14331
5	32	34079
5	33	105415
5	34	43120
5	35	80228
5	36	587
5	37	1398743
5	38	204
5	39	164
6	12	1
6	13	2
6	14	9
6	15	14
6	16	18249
6	17	310
6	18	18220
6	19	6922
6	20	12529
6	21	1
6	24	2
6	26	1
6	27	1
6	28	1
6	29	6994
6	30	3268
6	31	13955
6	32	33626
6	33	103858
6	34	42410
6	35	79991
6	36	599
6	37	1394212
6	38	211
6	39	166
6	40	1
7	12	1
7	13	1
7	14	9
7	15	14
7	16	16885
7	17	514
7	18	17295
7	19	6495
7	20	12115
7	24	2
7	25	1
7	26	1
7	27	2
7	29	6593
7	30	2959
7	31	13848
7	32	33668
7	33	102061
7	34	43400
7	35	80427
7	36	536
7	37	1397568
7	38	253
7	39	158
7	40	3
8	12	3
8	13	1
8	14	13
8	15	167
8	16	16894
8	17	718
8	18	16816
8	19	6513
8	20	11363
8	21	6
8	24	1
8	25	1
8	26	2
8	27	3
8	29	6882
8	30	3098
8	31	14344
8	32	34052
8	33	101836
8	34	42944
8	35	81008
8	36	543
8	37	1398436
8	38	272
8	39	168
8	40	2
9	12	1
9	14	25
9	15	196
9	16	17057
9	17	1088
9	18	17089
9	19	6710
9	20	12071
9	24	2
9	26	3
9	27	2
9	29	6756
9	30	3066
9	31	14029
9	32	33804
9	33	101868
9	34	42735
9	35	80003
9	36	573
9	37	1397780
9	38	324
9	39	170
9	40	3
10	12	2
10	13	3
10	14	17
10	15	270
10	16	18344
10	17	1760
10	18	18189
10	19	7523
10	20	13267
10	24	2
10	25	1
10	27	3
10	29	6902
10	30	3293
10	31	14946
10	32	33781
10	33	104408
10	34	43199
10	35	82461
10	36	528
10	37	1386115
10	38	372
10	39	184
10	40	1
11	12	1
11	13	3
11	14	20
11	15	292
11	16	17841
11	17	2267
11	18	16786
11	19	6906
11	20	12530
11	21	3
11	24	1
11	26	1
11	27	3
11	28	2
11	29	6466
11	30	3066
11	31	14951
11	32	33599
11	33	102185
11	34	43900
11	35	81617
11	36	521
11	37	1391462
11	38	379
11	39	196
11	40	5
12	12	2
12	13	2
12	14	55
12	15	343
12	16	17319
12	17	2417
12	18	16243
12	19	6063
12	20	8359
12	21	2751
12	24	3
12	26	1
12	27	6
12	29	14
12	30	1521
12	31	11
12	32	22083
12	33	42857
12	34	19310
12	35	18771
12	36	28588
12	37	162623
12	38	1386680
12	39	219
12	40	2
13	12	3
13	13	2
13	14	66
13	15	440
13	16	17461
13	17	2837
13	18	16172
13	19	6725
13	20	9113
13	21	2999
13	24	4
13	26	2
13	27	2
13	29	14
13	30	1536
13	31	10
13	32	22381
13	33	42856
13	34	20037
13	35	18921
13	36	28623
13	37	161431
13	38	1384074
13	39	237
13	40	3
14	12	1
14	13	2
14	14	69
14	15	582
14	16	18341
14	17	2603
14	18	17431
14	19	6699
14	20	9348
14	21	3139
14	24	1
14	25	1
14	26	2
14	27	8
14	28	1
14	29	9
14	30	1496
14	31	7
14	32	23118
14	33	44517
14	34	19966
14	35	19484
14	36	28498
14	37	164351
14	38	1375403
14	39	264
14	40	1
15	12	3
15	14	74
15	15	676
15	16	16929
15	17	2492
15	18	15876
15	19	6153
15	20	8468
15	21	2818
15	26	1
15	27	4
15	29	11
15	30	1433
15	31	2
15	32	21682
15	33	41140
15	34	18972
15	35	18429
15	36	28084
15	37	160959
15	38	1391469
15	39	288
15	40	1
16	12	3
16	13	1
16	14	103
16	15	822
16	16	16842
16	17	2546
16	18	15878
16	19	6190
16	20	8406
16	21	2776
16	24	1
16	26	2
16	27	5
16	29	8
16	30	1456
16	31	4
16	32	21183
16	33	40121
16	34	19256
16	35	18690
16	36	27668
16	37	160327
16	38	1393085
16	39	291
16	40	2
17	12	4
17	14	92
17	15	1035
17	16	17693
17	17	2858
17	18	16616
17	19	6491
17	20	8880
17	21	2973
17	24	1
17	26	1
17	27	4
17	29	9
17	30	1532
17	31	10
17	32	21803
17	33	40947
17	34	20161
17	35	19089
17	36	28222
17	37	160959
17	38	1386095
17	39	314
17	40	2
18	12	2
18	13	2
18	14	121
18	15	1246
18	16	17762
18	17	2605
18	18	17075
18	19	5876
18	20	8013
18	21	2838
18	24	1
18	26	3
18	27	5
18	28	1
18	29	21
18	30	1606
18	31	18
18	32	23310
18	33	43798
18	34	21906
18	35	19487
18	36	29315
18	37	166448
18	38	1375280
18	39	343
18	40	6
19	12	5
19	13	2
19	14	139
19	15	1550
19	16	17409
19	17	2869
19	18	16942
19	19	6570
19	20	9020
19	21	3157
19	24	4
19	26	1
19	27	3
19	29	10
19	30	1585
19	31	17
19	32	22846
19	33	43123
19	34	20796
19	35	19675
19	36	28956
19	37	163812
19	38	1377447
19	39	341
19	40	2
20	12	5
20	13	1
20	14	161
20	15	1736
20	16	15165
20	17	2524
20	18	14956
20	19	5557
20	20	7528
20	21	2507
20	25	1
20	26	2
20	27	5
20	29	24
20	30	1498
20	31	19
20	32	21244
20	33	39837
20	34	19261
20	35	18086
20	36	28614
20	37	159555
20	38	1397663
20	39	371
20	40	5
21	12	3
21	13	4
21	14	171
21	15	2118
21	16	15372
21	17	2416
21	18	15449
21	19	5194
21	20	6973
21	21	2545
21	24	3
21	27	4
21	28	1
21	29	31
21	30	1510
21	31	31
21	32	21817
21	33	41395
21	34	20918
21	35	18578
21	36	28803
21	37	161227
21	38	1392299
21	39	378
21	40	5
22	14	207
22	15	2893
22	16	16391
22	17	2759
22	18	17090
22	19	5843
22	20	8435
22	21	3135
22	24	3
22	25	2
22	27	2
22	28	2
22	29	34
22	30	1627
22	31	45
22	32	21968
22	33	35525
22	34	20056
22	35	32746
22	36	29679
22	37	167801
22	38	268014
22	39	1102635
22	40	1
23	12	2
23	13	1
23	14	206
23	15	3310
23	16	14595
23	17	2550
23	18	15506
23	19	5286
23	20	7447
23	21	2602
23	24	2
23	26	2
23	27	6
23	28	1
23	29	33
23	30	1537
23	31	58
23	32	21005
23	33	33092
23	34	19012
23	35	30471
23	36	29217
23	37	163702
23	38	271800
23	39	1115500
23	40	4
24	12	5
24	13	1
24	14	199
24	15	3908
24	16	13802
24	17	2866
24	18	15177
24	19	5287
24	20	7593
24	21	2569
24	24	1
24	25	1
24	26	3
24	27	2
24	28	4
24	29	39
24	30	1597
24	31	51
24	32	20296
24	33	32737
24	34	19521
24	35	29744
24	36	28913
24	37	163049
24	38	272701
24	39	1116952
24	40	3
25	12	5
25	13	2
25	14	218
25	15	4065
25	16	11194
25	17	3528
25	18	13381
25	19	6931
25	20	9780
25	21	3379
25	24	3
25	26	2
25	27	5
25	28	5
25	29	35
25	30	1553
25	31	60
25	32	19200
25	33	30731
25	34	18456
25	35	27782
25	36	28459
25	37	158087
25	38	269553
25	39	1129609
25	40	4
26	12	3
26	14	232
26	15	5379
26	16	12016
26	17	3791
26	18	15626
26	19	7323
26	20	11022
26	21	4199
26	24	2
26	26	2
26	27	6
26	28	1
26	29	41
26	30	1692
26	31	84
26	32	21449
26	33	34878
26	34	21065
26	35	31403
26	36	29302
26	37	166471
26	38	268146
26	39	1102250
26	40	2
27	12	3
27	14	268
27	15	5850
27	16	11083
27	17	4138
27	18	14970
27	19	7750
27	20	11324
27	21	4045
27	24	3
27	26	4
27	27	12
27	28	1
27	29	39
27	30	1656
27	31	86
27	32	22043
27	33	34697
27	34	19938
27	35	31670
27	36	29063
27	37	165732
27	38	270720
27	39	1100913
27	40	4
28	12	5
28	13	2
28	14	279
28	15	6280
28	16	10955
28	17	4255
28	18	15304
28	19	7315
28	20	11065
28	21	4093
28	24	3
28	26	2
28	27	11
28	28	1
28	29	42
28	30	1669
28	31	100
28	32	22311
28	33	34951
28	34	20228
28	35	31466
28	36	29095
28	37	165475
28	38	269993
28	39	1101091
28	40	3
29	12	3
29	13	3
29	14	311
29	15	6482
29	16	10939
29	17	4448
29	18	14963
29	19	7176
29	20	11260
29	21	4037
29	24	1
29	26	3
29	27	13
29	28	1
29	29	60
29	30	1679
29	31	113
29	32	22715
29	33	34801
29	34	20862
29	35	31519
29	36	29662
29	37	166537
29	38	271283
29	39	1097398
29	40	3
30	12	3
30	13	2
30	14	358
30	15	6542
30	16	10880
30	17	4974
30	18	14966
30	19	7217
30	20	11568
30	21	3867
30	24	2
30	25	1
30	26	5
30	27	14
30	28	2
30	29	57
30	30	1694
30	31	92
30	32	22100
30	33	34846
30	34	20110
30	35	31707
30	36	29538
30	37	165544
30	38	269983
30	39	1099991
30	40	2
31	12	1
31	13	2
31	14	372
31	15	6551
31	16	11042
31	17	5056
31	18	14599
31	19	6874
31	20	11375
31	21	3850
31	24	3
31	25	1
31	26	3
31	27	14
31	28	1
31	29	65
31	30	1755
31	31	121
31	32	22441
31	33	34809
31	34	20775
31	35	31138
31	36	29500
31	37	166563
31	38	271538
31	39	1097759
32	12	4
32	13	4
32	14	417
32	15	6489
32	16	10856
32	17	5359
32	18	14151
32	19	6703
32	20	11480
32	21	3684
32	24	3
32	25	1
32	26	3
32	27	17
32	28	2
32	29	48
32	30	1627
32	31	136
32	32	21913
32	33	34059
32	34	20236
32	35	30582
32	36	28733
32	37	164145
32	38	271188
32	39	1104174
32	40	1
33	12	1
33	14	449
33	15	6326
33	16	10658
33	17	5950
33	18	13944
33	19	6410
33	20	11758
33	21	3663
33	24	5
33	25	2
33	26	6
33	27	21
33	28	1
33	29	72
33	30	1641
33	31	169
33	32	21747
33	33	34360
33	34	20643
33	35	30622
33	36	28721
33	37	164911
33	38	274298
33	39	1099467
33	40	1
34	12	4
34	13	1
34	14	453
34	15	5888
34	16	9876
34	17	5779
34	18	12489
34	19	5135
34	20	10225
34	21	3027
34	24	3
34	25	3
34	26	4
34	27	16
34	28	2
34	29	83
34	30	1599
34	31	152
34	32	20601
34	33	32479
34	34	19252
34	35	29009
34	36	28442
34	37	161233
34	38	272101
34	39	1118534
35	12	5
35	13	3
35	14	523
35	15	6080
35	16	10602
35	17	6254
35	18	12711
35	19	4741
35	20	10291
35	21	3027
35	24	3
35	25	1
35	26	3
35	27	27
35	28	2
35	29	58
35	30	1643
35	31	174
35	32	20869
35	33	33168
35	34	20347
35	35	29675
35	36	28391
35	37	162646
35	38	271379
35	39	1113998
36	12	4
36	13	5
36	14	601
36	15	5998
36	16	10935
36	17	7632
36	18	12575
36	19	4808
36	20	11429
36	21	2977
36	24	4
36	25	2
36	26	5
36	27	19
36	28	7
36	29	79
36	30	1710
36	31	182
36	32	20701
36	33	32834
36	34	20380
36	35	29198
36	36	27868
36	37	162188
36	38	273896
36	39	1110130
36	40	5
37	12	5
37	13	9
37	14	657
37	15	5991
37	16	10757
37	17	8046
37	18	11847
37	19	4160
37	20	11121
37	21	2645
37	24	1
37	25	2
37	26	5
37	27	33
37	28	4
37	29	62
37	30	1692
37	31	193
37	32	20855
37	33	32776
37	34	20278
37	35	29085
37	36	27799
37	37	162410
37	38	273159
37	39	1112600
37	40	1
38	12	8
38	13	4
38	14	678
38	15	5659
38	16	10458
38	17	8591
38	18	11055
38	19	3361
38	20	10748
38	21	2388
38	24	2
38	25	2
38	26	6
38	27	29
38	28	3
38	29	84
38	30	1572
38	31	206
38	32	19936
38	33	31504
38	34	20283
38	35	28185
38	36	27974
38	37	160342
38	38	272769
38	39	1120565
38	40	2
39	12	13
39	13	8
39	14	788
39	15	6032
39	16	11281
39	17	10117
39	18	10985
39	19	3049
39	20	11789
39	21	2353
39	24	3
39	25	4
39	26	6
39	27	31
39	28	2
39	29	81
39	30	1702
39	31	173
39	32	20435
39	33	32795
39	34	20994
39	35	28786
39	36	27783
39	37	161399
39	38	272397
39	39	1113229
39	40	2
40	12	9
40	13	5
40	14	840
40	15	5745
40	16	11080
40	17	10985
40	18	10113
40	19	2219
40	20	11735
40	21	1955
40	24	1
40	25	6
40	26	4
40	27	35
40	28	8
40	29	96
40	30	1675
40	31	243
40	32	20201
40	33	31977
40	34	20700
40	35	28372
40	36	27480
40	37	160824
40	38	273147
40	39	1116881
40	40	1
41	12	12
41	13	6
41	14	951
41	15	5687
41	16	11670
41	17	12479
41	18	9871
41	19	1759
41	20	12613
41	21	1710
41	24	2
41	25	4
41	26	4
41	27	47
41	28	8
41	29	112
41	30	1763
41	31	209
41	32	20507
41	33	33169
41	34	21773
41	35	28720
41	36	28024
41	37	163239
41	38	275861
41	39	1106051
41	40	2
42	12	17
42	13	2
42	14	1004
42	15	5511
42	16	10840
42	17	13053
42	18	8274
42	19	1098
42	20	11932
42	21	1239
42	24	4
42	25	5
42	26	7
42	27	45
42	28	6
42	29	83
42	30	1629
42	31	240
42	32	20132
42	33	31945
42	34	20319
42	35	28320
42	36	27944
42	37	160700
42	38	274385
42	39	1117636
42	40	1
43	12	13
43	13	7
43	14	1150
43	15	5386
43	16	11076
43	17	14148
43	18	7349
43	19	632
43	20	11865
43	21	894
43	24	4
43	25	4
43	26	5
43	27	61
43	28	9
43	29	104
43	30	1656
43	31	247
43	32	19783
43	33	32025
43	34	20840
43	35	28022
43	36	27785
43	37	160332
43	38	275430
43	39	1117777
43	40	2
44	12	11
44	13	6
44	14	1295
44	15	5398
44	16	11766
44	17	15728
44	18	7138
44	19	328
44	20	13117
44	21	679
44	24	6
44	25	5
44	26	5
44	27	50
44	28	5
44	29	110
44	30	1770
44	31	259
44	32	20322
44	33	32666
44	34	7090
44	35	27190
44	36	43236
44	37	162029
44	38	274184
44	39	1111887
45	12	20
45	13	6
45	14	1491
45	15	5405
45	16	12096
45	17	16869
45	18	6774
45	19	152
45	20	14132
45	21	486
45	24	7
45	25	9
45	26	8
45	27	56
45	28	10
45	29	135
45	30	1776
45	31	256
45	32	20610
45	33	33231
45	34	7259
45	35	27994
45	36	43669
45	37	163972
45	38	276105
45	39	1103657
46	12	13
46	13	17
46	14	1542
46	15	5009
46	16	11493
46	17	16097
46	18	5682
46	19	53
46	20	12773
46	21	276
46	24	4
46	25	7
46	26	9
46	27	63
46	28	10
46	29	128
46	30	1799
46	31	300
46	32	19611
46	33	31794
46	34	6910
46	35	26990
46	36	43069
46	37	161463
46	38	275932
46	39	1115388
46	40	2
47	12	14
47	13	14
47	14	1791
47	15	5257
47	16	12130
47	17	17230
47	18	5925
47	19	39
47	20	13700
47	21	210
47	24	4
47	25	7
47	26	7
47	27	67
47	28	13
47	29	148
47	30	1820
47	31	294
47	32	20203
47	33	32764
47	34	7121
47	35	27509
47	36	43703
47	37	162611
47	38	273927
47	39	1109801
47	40	2
48	12	18
48	13	14
48	14	1862
48	15	4856
48	16	11489
48	17	16143
48	18	5454
48	19	28
48	20	12713
48	21	144
48	24	6
48	25	6
48	26	11
48	27	65
48	28	13
48	29	136
48	30	1736
48	31	278
48	32	19506
48	33	31890
48	34	6898
48	35	27006
48	36	43062
48	37	162116
48	38	276264
48	39	1114770
48	40	4
49	12	22
49	13	12
49	14	2293
49	15	5139
49	16	12979
49	17	18570
49	18	6485
49	19	17
49	20	15705
49	21	118
49	24	9
49	25	9
49	26	5
49	27	74
49	28	11
49	29	164
49	30	1861
49	31	339
49	32	21132
49	33	34546
49	34	7560
49	35	28187
49	36	44457
49	37	166366
49	38	276870
49	39	1092867
49	40	1
50	12	32
50	13	20
50	14	2195
50	15	4518
50	16	11481
50	17	16202
50	18	5542
50	19	6
50	20	13213
50	21	71
50	24	5
50	25	8
50	26	11
50	27	94
50	28	17
50	29	156
50	30	1784
50	31	329
50	32	20195
50	33	32250
50	34	7087
50	35	26935
50	36	42976
50	37	163390
50	38	278395
50	39	1109370
50	40	4
51	12	23
51	13	23
51	14	2389
51	15	4340
51	16	11991
51	17	16174
51	18	5660
51	19	1
51	20	13276
51	21	36
51	24	7
51	25	7
51	26	10
51	27	72
51	28	16
51	29	175
51	30	1794
51	31	351
51	32	19794
51	33	32093
51	34	7183
51	35	26784
51	36	43084
51	37	162267
51	38	276359
51	39	1112320
51	40	9
52	12	36
52	13	26
52	14	2746
52	15	4258
52	16	12164
52	17	16355
52	18	5702
52	19	2
52	20	13617
52	24	6
52	25	12
52	26	15
52	27	81
52	28	17
52	29	165
52	30	1829
52	31	371
52	32	19506
52	33	31876
52	34	7183
52	35	26511
52	36	43189
52	37	161375
52	38	276544
52	39	1112548
52	40	3
53	12	26
53	13	25
53	14	3138
53	15	4298
53	16	13204
53	17	17439
53	18	6267
53	19	3
53	20	14836
53	24	5
53	25	10
53	26	9
53	27	107
53	28	23
53	29	191
53	30	1982
53	31	392
53	32	20365
53	33	34023
53	34	7632
53	35	27719
53	36	44766
53	37	166223
53	38	277377
53	39	1095790
53	40	2
54	12	24
54	13	31
54	14	2964
54	15	3719
54	16	11436
54	17	15089
54	18	5292
54	19	2
54	20	12406
54	24	8
54	25	5
54	26	20
54	27	88
54	28	28
54	29	181
54	30	1880
54	31	418
54	32	19416
54	33	31200
54	34	6960
54	35	25900
54	36	42786
54	37	160520
54	38	278287
54	39	1117819
54	40	3
55	12	27
55	13	29
55	14	3118
55	15	3761
55	16	11985
55	17	15340
55	18	5638
55	19	4
55	20	13063
55	24	5
55	25	9
55	26	15
55	27	106
55	28	23
55	29	174
55	30	1873
55	31	451
55	32	19041
55	33	31221
55	34	7110
55	35	25881
55	36	42312
55	37	159018
55	38	274367
55	39	1121676
55	40	7
56	12	19
56	13	25
56	14	3364
56	15	3692
56	16	12600
56	17	15657
56	18	5726
56	19	6
56	20	13470
56	24	10
56	25	14
56	26	15
56	27	110
56	28	31
56	29	220
56	30	1905
56	31	448
56	32	18875
56	33	32125
56	34	7289
56	35	26134
56	36	43055
56	37	161084
56	38	276568
56	39	1113654
56	40	2
57	12	17
57	13	34
57	14	3554
57	15	3826
57	16	13064
57	17	16650
57	18	5602
57	19	674
57	20	14749
57	24	11
57	25	18
57	26	24
57	27	115
57	28	25
57	29	253
57	30	2106
57	31	505
57	32	20002
57	33	33282
57	34	7469
57	35	27358
57	36	44076
57	37	164348
57	38	263426
57	39	1043342
57	40	71257
58	12	30
58	13	41
58	14	3309
58	15	3411
58	16	12208
58	17	14799
58	18	4829
58	19	700
58	20	12567
58	24	11
58	25	18
58	26	20
58	27	149
58	28	32
58	29	224
58	30	1879
58	31	469
58	32	19291
58	33	31355
58	34	6756
58	35	26282
58	36	42979
58	37	161680
58	38	263353
58	39	1057352
58	40	72579
59	12	32
59	13	47
59	14	3565
59	15	3495
59	16	12505
59	17	14709
59	18	4850
59	19	682
59	20	12681
59	24	15
59	25	18
59	26	21
59	27	125
59	28	32
59	29	252
59	30	1923
59	31	548
59	32	18731
59	33	31121
59	34	6901
59	35	26092
59	36	42653
59	37	160483
59	38	261784
59	39	1063313
59	40	69731
60	12	41
60	13	45
60	14	3828
60	15	3841
60	16	14400
60	17	17000
60	18	6235
60	19	749
60	20	16328
60	24	15
60	25	15
60	26	25
60	27	118
60	28	32
60	29	271
60	30	2061
60	31	558
60	32	20663
60	33	34693
60	34	7617
60	35	28278
60	36	45323
60	37	168414
60	38	263941
60	39	1038129
60	40	62778
61	12	42
61	13	46
61	14	3723
61	15	3864
61	16	13447
61	17	15727
61	18	5525
61	19	728
61	20	14047
61	24	13
61	25	12
61	26	26
61	27	144
61	28	38
61	29	283
61	30	2049
61	31	606
61	32	20286
61	33	33158
61	34	7459
61	35	27448
61	36	44413
61	37	168119
61	38	265657
61	39	1048261
61	40	60924
62	12	38
62	13	64
62	14	3561
62	15	3632
62	16	13276
62	17	14846
62	18	5293
62	19	780
62	20	13795
62	24	11
62	25	12
62	26	25
62	27	144
62	28	33
62	29	292
62	30	2115
62	31	699
62	32	19416
62	33	32407
62	34	7079
62	35	26654
62	36	43877
62	37	164277
62	38	264449
62	39	1059567
62	40	59673
63	12	35
63	13	60
63	14	3693
63	15	3712
63	16	13687
63	17	15017
63	18	5301
63	19	816
63	20	13658
63	24	16
63	25	16
63	26	31
63	27	195
63	28	54
63	29	300
63	30	2113
63	31	716
63	32	19220
63	33	32479
63	34	7394
63	35	26653
63	36	43434
63	37	164347
63	38	264362
63	39	1062367
63	40	56205
64	12	38
64	13	42
64	14	3562
64	15	3779
64	16	13967
64	17	14854
64	18	5245
64	19	868
64	20	13683
64	24	15
64	25	22
64	26	33
64	27	189
64	28	48
64	29	338
64	30	2122
64	31	808
64	32	18876
64	33	32472
64	34	7298
64	35	26487
64	36	43407
64	37	163077
64	38	264886
64	39	1067777
64	40	51946
65	12	41
65	13	56
65	14	3787
65	15	3820
65	16	14065
65	17	14821
65	18	5154
65	19	863
65	20	13825
65	24	17
65	25	29
65	26	26
65	27	180
65	28	51
65	29	344
65	30	2082
65	31	839
65	32	19163
65	33	32265
65	34	7391
65	35	26364
65	36	43594
65	37	164227
65	38	265810
65	39	1068918
65	40	48209
66	12	47
66	13	59
66	14	3686
66	15	3839
66	16	13881
66	17	14274
66	18	5109
66	19	897
66	20	13316
66	24	22
66	25	20
66	26	30
66	27	173
66	28	42
66	29	398
66	30	2085
66	31	912
66	32	18624
66	33	32288
66	34	7177
66	35	26192
66	36	43717
66	37	163283
66	38	267114
66	39	1074547
66	40	44216
67	12	35
67	13	64
67	14	3768
67	15	3717
67	16	14305
67	17	14094
67	18	5164
67	19	899
67	20	13515
67	24	16
67	25	26
67	26	37
67	27	172
67	28	49
67	29	425
67	30	2205
67	31	911
67	32	18768
67	33	32628
67	34	7384
67	35	26042
67	36	43870
67	37	163868
67	38	268546
67	39	1075808
67	40	39549
68	12	61
68	13	55
68	14	3633
68	15	3718
68	16	13837
68	17	13191
68	18	4905
68	19	933
68	20	12693
68	24	20
68	25	34
68	26	31
68	27	225
68	28	53
68	29	438
68	30	2144
68	31	1000
68	32	18110
68	33	31798
68	34	7279
68	35	25863
68	36	43982
68	37	162724
68	38	267794
68	39	1086835
68	40	34728
69	12	56
69	13	63
69	14	3582
69	15	3830
69	16	13959
69	17	13277
69	18	4977
69	19	973
69	20	13000
69	24	26
69	25	29
69	26	37
69	27	192
69	28	56
69	29	432
69	30	2224
69	31	1098
69	32	17806
69	33	32078
69	34	7300
69	35	25856
69	36	43662
69	37	162752
69	38	268110
69	39	1090415
69	40	30106
70	12	46
70	13	77
70	14	3631
70	15	3946
70	16	14634
70	17	13582
70	18	5377
70	19	967
70	20	13419
70	24	28
70	25	36
70	26	48
70	27	228
70	28	59
70	29	505
70	30	2264
70	31	1267
70	32	17849
70	33	32491
70	34	7416
70	35	26118
70	36	43918
70	37	164128
70	38	269732
70	39	1088787
70	40	25174
71	12	53
71	13	87
71	14	3642
71	15	3933
71	16	14360
71	17	13320
71	18	5159
71	19	1026
71	20	13206
71	24	32
71	25	30
71	26	47
71	27	204
71	28	71
71	29	502
71	30	2322
71	31	1292
71	32	17925
71	33	32274
71	34	7326
71	35	26055
71	36	43739
71	37	164135
71	38	269838
71	39	1094098
71	40	21074
72	12	65
72	13	82
72	14	3914
72	15	4009
72	16	15271
72	17	13802
72	18	5745
72	19	1092
72	20	14201
72	24	26
72	25	43
72	26	53
72	27	248
72	28	62
72	29	565
72	30	2441
72	31	1462
72	32	18154
72	33	33888
72	34	7535
72	35	26468
72	36	44966
72	37	167233
72	38	271270
72	39	1086240
72	40	16777
73	12	67
73	13	72
73	14	3952
73	15	4153
73	16	15413
73	17	13897
73	18	5733
73	19	1124
73	20	14378
73	24	25
73	25	29
73	26	45
73	27	252
73	28	63
73	29	668
73	30	2479
73	31	1628
73	32	18400
73	33	33871
73	34	7532
73	35	26795
73	36	44869
73	37	166986
73	38	272358
73	39	1088218
73	40	12505
74	12	54
74	13	93
74	14	3844
74	15	4006
74	16	15148
74	17	13603
74	18	5573
74	19	1256
74	20	14058
74	24	33
74	25	42
74	26	65
74	27	232
74	28	74
74	29	640
74	30	2580
74	31	1767
74	32	17569
74	33	33273
74	34	7405
74	35	26378
74	36	44503
74	37	166363
74	38	273150
74	39	1094484
74	40	9348
75	12	55
75	13	94
75	14	3898
75	15	3900
75	16	15005
75	17	13577
75	18	5429
75	19	1243
75	20	13458
75	24	32
75	25	43
75	26	63
75	27	252
75	28	73
75	29	732
75	30	2485
75	31	1935
75	32	17603
75	33	33294
75	34	7410
75	35	26344
75	36	44625
75	37	166385
75	38	273351
75	39	1097832
75	40	6562
76	12	56
76	13	86
76	14	3709
76	15	3882
76	16	14488
76	17	12926
76	18	5211
76	19	1305
76	20	12858
76	24	43
76	25	41
76	26	79
76	27	283
76	28	82
76	29	730
76	30	2448
76	31	1882
76	32	16660
76	33	31958
76	34	7426
76	35	25514
76	36	44121
76	37	164458
76	38	274076
76	39	1107064
76	40	4318
77	12	86
77	13	105
77	14	3845
77	15	4007
77	16	15036
77	17	13189
77	18	5433
77	19	1389
77	20	12951
77	24	41
77	25	37
77	26	72
77	27	265
77	28	68
77	29	814
77	30	2536
77	31	2100
77	32	16456
77	33	32901
77	34	7382
77	35	25708
77	36	44180
77	37	164474
77	38	274688
77	39	1105135
77	40	2637
78	12	59
78	13	106
78	14	3769
78	15	3913
78	16	14251
78	17	12628
78	18	5244
78	19	1394
78	20	12290
78	24	41
78	25	57
78	26	70
78	27	310
78	28	69
78	29	874
78	30	2641
78	31	2258
78	32	15895
78	33	32085
78	34	7056
78	35	24799
78	36	43687
78	37	163726
78	38	277152
78	39	1109670
78	40	1620
79	12	81
79	13	117
79	14	4021
79	15	4276
79	16	15864
79	17	13904
79	18	6044
79	19	1560
79	20	14336
79	24	28
79	25	55
79	26	73
79	27	313
79	28	93
79	29	948
79	30	2910
79	31	2669
79	32	16793
79	33	34757
79	34	7686
79	35	26632
79	36	44894
79	37	170325
79	38	278042
79	39	1087828
79	40	890
80	12	89
80	13	137
80	14	3816
80	15	4019
80	16	14657
80	17	12954
80	18	5526
80	19	1613
80	20	12564
80	24	47
80	25	58
80	26	86
80	27	314
80	28	71
80	29	1056
80	30	2736
80	31	2745
80	32	15875
80	33	33107
80	34	7379
80	35	25668
80	36	43653
80	37	168048
80	38	280024
80	39	1098750
80	40	540
81	12	82
81	13	144
81	14	3932
81	15	3901
81	16	15138
81	17	13071
81	18	5477
81	19	1582
81	20	12445
81	24	54
81	25	54
81	26	77
81	27	312
81	28	94
81	29	1123
81	30	2873
81	31	2910
81	32	15245
81	33	32607
81	34	7388
81	35	25312
81	36	43683
81	37	166824
81	38	279625
81	39	1101237
81	40	296
82	12	84
82	13	139
82	14	3743
82	15	3907
82	16	14560
82	17	12529
82	18	5241
82	19	1732
82	20	12039
82	24	50
82	25	55
82	26	106
82	27	322
82	28	92
82	29	1118
82	30	2834
82	31	3090
82	32	14434
82	33	32182
82	34	7324
82	35	24798
82	36	43218
82	37	164986
82	38	281387
82	39	1105291
82	40	160
83	12	96
83	13	141
83	14	4193
83	15	4245
83	16	16159
83	17	14138
83	18	6167
83	19	2003
83	20	13978
83	24	48
83	25	51
83	26	92
83	27	355
83	28	103
83	29	1281
83	30	3177
83	31	3615
83	32	14943
83	33	35066
83	34	7787
83	35	26543
83	36	46195
83	37	171990
83	38	281773
83	39	1080677
83	40	121
84	12	103
84	13	147
84	14	4276
84	15	4426
84	16	16574
84	17	14173
84	18	6713
84	19	2153
84	20	15288
84	24	50
84	25	62
84	26	92
84	27	353
84	28	105
84	29	1459
84	30	3254
84	31	4207
84	32	15785
84	33	36828
84	34	7662
84	35	28222
84	36	46391
84	37	175464
84	38	285701
84	39	1064897
84	40	66
85	12	111
85	13	138
85	14	4126
85	15	4266
85	16	15465
85	17	13738
85	18	6174
85	19	2093
85	20	13282
85	24	53
85	25	83
85	26	105
85	27	376
85	28	83
85	29	1532
85	30	3291
85	31	4328
85	32	14644
85	33	35668
85	34	7606
85	35	27350
85	36	45395
85	37	175365
85	38	287385
85	39	1072312
85	40	33
86	12	90
86	13	168
86	14	4058
86	15	4141
86	16	15120
86	17	13060
86	18	5843
86	19	2225
86	20	12283
86	24	33
86	25	72
86	26	109
86	27	385
86	28	121
86	29	1636
86	30	3340
86	31	4570
86	32	13416
86	33	34125
86	34	7641
86	35	25790
86	36	44653
86	37	170695
86	38	286064
86	39	1085453
86	40	13
87	12	95
87	13	167
87	14	4208
87	15	4380
87	16	16184
87	17	13988
87	18	6330
87	19	2510
87	20	13648
87	24	57
87	25	97
87	26	108
87	27	413
87	28	124
87	29	1648
87	30	3534
87	31	5049
87	32	13290
87	33	35613
87	34	7886
87	35	26170
87	36	46225
87	37	173508
87	38	286738
87	39	1072931
87	40	4
88	12	93
88	13	162
88	14	4274
88	15	4335
88	16	15777
88	17	13966
88	18	6357
88	19	2672
88	20	13611
88	24	60
88	25	85
88	26	144
88	27	408
88	28	120
88	29	1786
88	30	3761
88	31	5492
88	32	12688
88	33	35478
88	34	7789
88	35	26714
88	36	45684
88	37	174761
88	38	288417
88	39	1070176
89	12	112
89	13	179
89	14	4388
89	15	4282
89	16	15856
89	17	13667
89	18	6327
89	19	2742
89	20	12745
89	24	70
89	25	97
89	26	121
89	27	439
89	28	102
89	29	1986
89	30	3749
89	31	5724
89	32	12124
89	33	35579
89	34	7603
89	35	26391
89	36	45509
89	37	174227
89	38	288943
89	39	1071816
90	12	103
90	13	191
90	14	4337
90	15	4281
90	16	15909
90	17	13968
90	18	6377
90	19	2921
90	20	12582
90	24	65
90	25	96
90	26	122
90	27	484
90	28	107
90	29	2060
90	30	3925
90	31	6370
90	32	11323
90	33	36016
90	34	7804
90	35	26205
90	36	45777
90	37	175063
90	38	289564
90	39	1069025
91	12	108
91	13	170
91	14	4553
91	15	4461
91	16	16723
91	17	14606
91	18	6969
91	19	3300
91	20	13577
91	24	81
91	25	87
91	26	141
91	27	539
91	28	127
91	29	2104
91	30	4169
91	31	6842
91	32	11197
91	33	37450
91	34	7947
91	35	27288
91	36	47364
91	37	177648
91	38	290077
91	39	1056941
92	12	123
92	13	181
92	14	4357
92	15	4304
92	16	15556
92	17	13655
92	18	6249
92	19	3219
92	20	11733
92	24	87
92	25	97
92	26	151
92	27	473
92	28	117
92	29	2249
92	30	4027
92	31	7166
92	32	10112
92	33	35945
92	34	7888
92	35	26016
92	36	45728
92	37	175254
92	38	290374
92	39	1069662
93	12	107
93	13	219
93	14	4321
93	15	4287
93	16	15642
93	17	13599
93	18	6257
93	19	3555
93	20	11776
93	24	69
93	25	97
93	26	156
93	27	549
93	28	136
93	29	2445
93	30	4216
93	31	7390
93	32	9479
93	33	35776
93	34	7834
93	35	25619
93	36	45942
93	37	173776
93	38	289490
93	39	1071957
94	12	114
94	13	193
94	14	4482
94	15	4405
94	16	15974
94	17	13805
94	18	6532
94	19	3747
94	20	11395
94	24	96
94	25	82
94	26	164
94	27	560
94	28	126
94	29	2296
94	30	4208
94	31	7735
94	32	8720
94	33	36249
94	34	7978
94	35	25517
94	36	46224
94	37	174737
94	38	290699
94	39	1068499
94	40	1
95	12	131
95	13	192
95	14	4415
95	15	4169
95	16	15816
95	17	13862
95	18	6481
95	19	3960
95	20	11129
95	24	78
95	25	95
95	26	175
95	27	594
95	28	153
95	29	2436
95	30	4512
95	31	8374
95	32	7958
95	33	36366
95	34	7804
95	35	25561
95	36	46321
95	37	174478
95	38	291146
95	39	1068310
96	12	131
96	13	201
96	14	4533
96	15	4220
96	16	16004
96	17	13728
96	18	6649
96	19	4234
96	20	11069
96	24	92
96	25	120
96	26	168
96	27	585
96	28	124
96	29	2518
96	30	4618
96	31	8631
96	32	7418
96	33	36907
96	34	8021
96	35	25220
96	36	46634
96	37	175344
96	38	291657
96	39	1065572
97	12	131
97	13	242
97	14	4713
97	15	4409
97	16	15987
97	17	13976
97	18	7016
97	19	4629
97	20	10864
97	24	92
97	25	128
97	26	182
97	27	619
97	28	145
97	29	2619
97	30	4751
97	31	9074
97	32	7058
97	33	37826
97	34	8074
97	35	25265
97	36	47491
97	37	176490
97	38	292057
97	39	1060380
98	12	143
98	13	234
98	14	4862
98	15	4516
98	16	16662
98	17	14600
98	18	7429
98	19	5158
98	20	11223
98	24	116
98	25	121
98	26	176
98	27	634
98	28	159
98	29	2829
98	30	4936
98	31	9716
98	32	6537
98	33	39082
98	34	8346
98	35	25762
98	36	48220
98	37	179510
98	38	293599
98	39	1049381
98	40	1
99	12	133
99	13	238
99	14	4648
99	15	4344
99	16	15962
99	17	13816
99	18	6939
99	19	5109
99	20	10003
99	24	104
99	25	115
99	26	188
99	27	674
99	28	164
99	29	2801
99	30	4960
99	31	10129
99	32	5887
99	33	37812
99	34	8127
99	35	25002
99	36	47285
99	37	177603
99	38	294748
99	39	1057421
100	12	126
100	13	244
100	14	4785
100	15	4477
100	16	16149
100	17	14143
100	18	7299
100	19	5614
100	20	9842
100	24	108
100	25	116
100	26	200
100	27	671
100	28	157
100	29	2963
100	30	5240
100	31	10330
100	32	5569
100	33	38377
100	34	8179
100	35	25232
100	36	47393
100	37	179503
100	38	294805
100	39	1052427
100	40	1
101	12	148
101	13	242
101	14	4674
101	15	4383
101	16	15818
101	17	13726
101	18	7058
101	19	5869
101	20	9138
101	24	124
101	25	132
101	26	218
101	27	693
101	28	176
101	29	2940
101	30	5179
101	31	10526
101	32	4973
101	33	38410
101	34	8056
101	35	24502
101	36	46815
101	37	178002
101	38	293735
101	39	1058514
102	12	144
102	13	236
102	14	5189
102	15	4782
102	16	17856
102	17	15368
102	18	8384
102	19	7136
102	20	10460
102	24	134
102	25	139
102	26	208
102	27	713
102	28	178
102	29	3095
102	30	5581
102	31	11722
102	32	5024
102	33	42029
102	34	8578
102	35	26164
102	36	49212
102	37	184909
102	38	294631
102	39	1031545
103	12	161
103	13	259
103	14	4886
103	15	4559
103	16	16223
103	17	14072
103	18	8111
103	19	6841
103	20	8809
103	24	128
103	25	111
103	26	214
103	27	749
103	28	168
103	29	3164
103	30	5459
103	31	11510
103	32	4362
103	33	39812
103	34	8312
103	35	25511
103	36	48355
103	37	183685
103	38	290301
103	39	1047963
104	12	156
104	13	242
104	14	5193
104	15	4623
104	16	17343
104	17	14820
104	18	8766
104	19	7833
104	20	8981
104	24	124
104	25	138
104	26	229
104	27	767
104	28	172
104	29	3231
104	30	5671
104	31	12178
104	32	4252
104	33	41703
104	34	8526
104	35	25730
104	36	48960
104	37	184049
104	38	289070
104	39	1040606
105	12	166
105	13	262
105	14	5144
105	15	4455
105	16	16450
105	17	13977
105	18	8342
105	19	7823
105	20	7689
105	24	125
105	25	160
105	26	233
105	27	841
105	28	195
105	29	3280
105	30	5646
105	31	11794
105	32	3781
105	33	40578
105	34	8389
105	35	24192
105	36	48683
105	37	182882
105	38	290200
105	39	1048187
106	12	157
106	13	291
106	14	5433
106	15	4752
106	16	17115
106	17	14584
106	18	8864
106	19	8498
106	20	7651
106	24	152
106	25	133
106	26	223
106	27	804
106	28	188
106	29	3300
106	30	5900
106	31	12243
106	32	3791
106	33	41838
106	34	8515
106	35	25054
106	36	49344
106	37	185266
106	38	290285
106	39	1038832
107	12	168
107	13	304
107	14	5272
107	15	4696
107	16	16823
107	17	14257
107	18	8616
107	19	8770
107	20	6753
107	24	137
107	25	162
107	26	274
107	27	892
107	28	204
107	29	3430
107	30	5920
107	31	11955
107	32	3678
107	33	41484
107	34	8549
107	35	24353
107	36	49068
107	37	184915
107	38	291333
107	39	1041170
108	12	157
108	13	285
108	14	5342
108	15	4595
108	16	16650
108	17	13936
108	18	8615
108	19	9026
108	20	6091
108	24	161
108	25	160
108	26	256
108	27	918
108	28	196
108	29	3369
108	30	6016
108	31	11687
108	32	3438
108	33	41464
108	34	8597
108	35	23785
108	36	49073
108	37	182971
108	38	290690
108	39	1045552
109	12	168
109	13	321
109	14	5181
109	15	4475
109	16	16064
109	17	13663
109	18	8473
109	19	9154
109	20	5294
109	24	163
109	25	177
109	26	261
109	27	920
109	28	237
109	29	3366
109	30	5919
109	31	11469
109	32	3233
109	33	40907
109	34	8638
109	35	23317
109	36	48479
109	37	182696
109	38	290812
109	39	1049774
109	40	1
110	12	199
110	13	325
110	14	6238
110	15	5143
110	16	19358
110	17	16434
110	18	11629
110	19	12788
110	20	6753
110	24	174
110	25	187
110	26	302
110	27	995
110	28	203
110	29	3681
110	30	6964
110	31	13570
110	32	3697
110	33	47714
110	34	9483
110	35	26344
110	36	52435
110	37	194832
110	38	292590
110	39	999858
111	12	189
111	13	356
111	14	5825
111	15	4982
111	16	17665
111	17	14913
111	18	10004
111	19	11581
111	20	5095
111	24	167
111	25	174
111	26	289
111	27	1066
111	28	251
111	29	3855
111	30	6985
111	31	13060
111	32	3385
111	33	45976
111	34	9067
111	35	24993
111	36	50896
111	37	194553
111	38	296510
111	39	1010685
112	12	191
112	13	324
112	14	5969
112	15	5037
112	16	17796
112	17	15156
112	18	10379
112	19	12354
112	20	4597
112	24	164
112	25	206
112	26	292
112	27	1148
112	28	230
112	29	3941
112	30	7154
112	31	13023
112	32	3355
112	33	47170
112	34	8932
112	35	25215
112	36	51264
112	37	195198
112	38	293939
112	39	1009234
113	12	181
113	13	365
113	14	5829
113	15	4993
113	16	17681
113	17	14761
113	18	10207
113	19	12483
113	20	3934
113	24	177
113	25	209
113	26	327
113	27	1150
113	28	224
113	29	3920
113	30	6706
113	31	12953
113	32	3215
113	33	45645
113	34	8910
113	35	24462
113	36	50638
113	37	193245
113	38	293360
113	39	1016726
114	12	187
114	13	360
114	14	6170
114	15	5234
114	16	18341
114	17	15726
114	18	10867
114	19	13783
114	20	3621
114	24	175
114	25	210
114	26	306
114	27	1190
114	28	248
114	29	3997
114	30	6918
114	31	13133
114	32	3503
114	33	47399
114	34	9050
114	35	24733
114	36	51575
114	37	195962
114	38	295012
114	39	1004317
115	12	206
115	13	379
115	14	5651
115	15	4928
115	16	16240
115	17	13927
115	18	9537
115	19	12048
115	20	2599
115	24	202
115	25	199
115	26	307
115	27	1204
115	28	267
115	29	4008
115	30	6581
115	31	11989
115	32	3251
115	33	44714
115	34	8826
115	35	23030
115	36	50294
115	37	191798
115	38	296272
115	39	1024010
116	12	213
116	13	384
116	14	6178
116	15	5206
116	16	17529
116	17	15320
116	18	10756
116	19	14157
116	20	2626
116	24	203
116	25	230
116	26	350
116	27	1263
116	28	261
116	29	4071
116	30	7032
116	31	12411
116	32	3415
116	33	47188
116	34	9176
116	35	23953
116	36	51110
116	37	193292
116	38	294467
116	39	1011045
117	12	232
117	13	434
117	14	6381
117	15	5217
117	16	17958
117	17	14992
117	18	11070
117	19	14549
117	20	2150
117	24	220
117	25	219
117	26	304
117	27	1357
117	28	274
117	29	4149
117	30	7309
117	31	12489
117	32	3442
117	33	48078
117	34	9209
117	35	24290
117	36	51705
117	37	197022
117	38	295186
117	39	1003451
118	12	232
118	13	412
118	14	6627
118	15	5523
118	16	18782
118	17	16130
118	18	12225
118	19	16071
118	20	1905
118	24	218
118	25	222
118	26	349
118	27	1458
118	28	253
118	29	4430
118	30	8002
118	31	13084
118	32	3461
118	33	50920
118	34	9693
118	35	25340
118	36	53468
118	37	201973
118	38	297229
118	39	983215
118	40	1
119	12	222
119	13	433
119	14	6047
119	15	5214
119	16	16978
119	17	14697
119	18	10319
119	19	14051
119	20	1248
119	24	228
119	25	228
119	26	411
119	27	1447
119	28	327
119	29	4423
119	30	7705
119	31	11895
119	32	3257
119	33	47819
119	34	9089
119	35	23252
119	36	51320
119	37	198297
119	38	298866
119	39	1004121
120	12	229
120	13	434
120	14	6597
120	15	5514
120	16	17812
120	17	15607
120	18	11326
120	19	15246
120	20	1112
120	24	229
120	25	269
120	26	402
120	27	1510
120	28	316
120	29	4416
120	30	7874
120	31	11866
120	32	3438
120	33	48592
120	34	9543
120	35	24413
120	36	52011
120	37	200258
120	38	296378
120	39	995938
120	40	1
121	12	261
121	13	482
121	14	6595
121	15	5532
121	16	17586
121	17	16001
121	18	11573
121	19	15866
121	20	880
121	24	224
121	25	260
121	26	398
121	27	1551
121	28	290
121	29	4558
121	30	8098
121	31	11691
121	32	3403
121	33	49475
121	34	9634
121	35	24392
121	36	52430
121	37	200539
121	38	295609
121	39	993786
122	12	278
122	13	450
122	14	6782
122	15	5747
122	16	18126
122	17	15944
122	18	11734
122	19	16108
122	20	691
122	24	252
122	25	248
122	26	399
122	27	1625
122	28	294
122	29	4703
122	30	8279
122	31	11546
122	32	3522
122	33	49381
122	34	9695
122	35	24336
122	36	52683
122	37	199326
122	38	297534
122	39	991377
123	12	268
123	13	495
123	14	6459
123	15	5535
123	16	16618
123	17	15072
123	18	10432
123	19	14502
123	20	455
123	24	237
123	25	243
123	26	416
123	27	1757
123	28	324
123	29	4705
123	30	8062
123	31	10788
123	32	3384
123	33	48027
123	34	9346
123	35	23514
123	36	51374
123	37	199213
123	38	298831
123	39	1001181
123	40	2
124	12	294
124	13	475
124	14	6733
124	15	5642
124	16	17170
124	17	15465
124	18	11062
124	19	15288
124	20	364
124	24	247
124	25	269
124	26	423
124	27	1805
124	28	348
124	29	4738
124	30	8410
124	31	10505
124	32	3340
124	33	47828
124	34	9836
124	35	23715
124	36	51783
124	37	197464
124	38	298284
124	39	999431
125	12	272
125	13	486
125	14	6848
125	15	5850
125	16	17565
125	17	15901
125	18	11403
125	19	15923
125	20	256
125	24	259
125	25	280
125	26	442
125	27	1905
125	28	356
125	29	4943
125	30	8642
125	31	10486
125	32	3570
125	33	48834
125	34	9869
125	35	23860
125	36	52219
125	37	200193
125	38	297241
125	39	992903
126	12	277
126	13	506
126	14	7401
126	15	6070
126	16	17882
126	17	16445
126	18	11991
126	19	16902
126	20	222
126	24	278
126	25	275
126	26	426
126	27	1993
126	28	375
126	29	4974
126	30	9189
126	31	10671
126	32	3551
126	33	50891
126	34	9993
126	35	24957
126	36	53045
126	37	202176
126	38	298449
126	39	977893
126	40	3389
127	12	267
127	13	515
127	14	7140
127	15	6048
127	16	17151
127	17	15777
127	18	10966
127	19	15552
127	20	158
127	24	273
127	25	294
127	26	439
127	27	2077
127	28	377
127	29	5135
127	30	9015
127	31	10037
127	32	3494
127	33	49475
127	34	9928
127	35	24220
127	36	52008
127	37	202281
127	38	300640
127	39	983916
127	40	3293
128	12	312
128	13	442
128	14	7173
128	15	6187
128	16	17386
128	17	15916
128	18	11505
128	19	15930
128	20	109
128	24	308
128	25	302
128	26	480
128	27	2246
128	28	384
128	29	5225
128	30	9219
128	31	9640
128	32	3491
128	33	49472
128	34	10148
128	35	24503
128	36	52067
128	37	202858
128	38	300048
128	39	981375
128	40	3397
129	12	313
129	13	503
129	14	7876
129	15	6609
129	16	18330
129	17	16951
129	18	12742
129	19	17854
129	20	76
129	24	286
129	25	277
129	26	531
129	27	2273
129	28	372
129	29	5436
129	30	9874
129	31	9961
129	32	3861
129	33	52933
129	34	10841
129	35	25952
129	36	54512
129	37	208321
129	38	299690
129	39	960006
129	40	3097
130	12	339
130	13	552
130	14	8677
130	15	7198
130	16	19360
130	17	18287
130	18	14331
130	19	20497
130	20	56
130	24	332
130	25	339
130	26	518
130	27	2589
130	28	445
130	29	5861
130	30	11149
130	31	10596
130	32	3848
130	33	56964
130	34	11071
130	35	27426
130	36	55367
130	37	215518
130	38	302099
130	39	932365
130	40	2785
131	12	325
131	13	553
131	14	7586
131	15	6588
131	16	17356
131	17	16143
131	18	11608
131	19	16340
131	20	44
131	24	336
131	25	331
131	26	525
131	27	2721
131	28	460
131	29	5901
131	30	10452
131	31	9391
131	32	3619
131	33	52315
131	34	10442
131	35	25461
131	36	52824
131	37	210193
131	38	303245
131	39	961933
131	40	2844
132	12	338
132	13	570
132	14	7519
132	15	6588
132	16	17409
132	17	16062
132	18	11411
132	19	15916
132	20	24
132	24	354
132	25	355
132	26	529
132	27	2653
132	28	450
132	29	5973
132	30	10460
132	31	8639
132	32	3611
132	33	51391
132	34	10715
132	35	25707
132	36	52613
132	37	208811
132	38	302195
132	39	966385
132	40	2809
133	12	348
133	13	584
133	14	8218
133	15	7069
133	16	18245
133	17	17278
133	18	12476
133	19	17583
133	20	20
133	24	352
133	25	334
133	26	569
133	27	2711
133	28	489
133	29	5980
133	30	10984
133	31	8588
133	32	3864
133	33	53226
133	34	11205
133	35	26953
133	36	54164
133	37	210926
133	38	301152
133	39	952848
133	40	2764
134	12	361
134	13	639
134	14	8928
134	15	7583
134	16	19503
134	17	18622
134	18	14149
134	19	19942
134	20	13
134	24	349
134	25	310
134	26	577
134	27	3026
134	28	506
134	29	6508
134	30	12252
134	31	8791
134	32	3903
134	33	56274
134	34	11469
134	35	28018
134	36	55204
134	37	217552
134	38	302372
134	39	928484
134	40	2646
135	12	345
135	13	604
135	14	8074
135	15	7125
135	16	17536
135	17	16832
135	18	11930
135	19	16370
135	20	7
135	24	379
135	25	343
135	26	629
135	27	3138
135	28	554
135	29	6521
135	30	11326
135	31	7914
135	32	3717
135	33	53319
135	34	11202
135	35	26367
135	36	52745
135	37	212896
135	38	302938
135	39	953571
135	40	2621
136	12	353
136	13	618
136	14	8457
136	15	7329
136	16	17995
136	17	17313
136	18	12296
136	19	16882
136	20	6
136	24	379
136	25	381
136	26	631
136	27	3196
136	28	527
136	29	6525
136	30	11681
136	31	7298
136	32	3740
136	33	52792
136	34	11704
136	35	27390
136	36	53063
136	37	214227
136	38	302780
136	39	948403
136	40	2449
137	12	354
137	13	617
137	14	8285
137	15	7544
137	16	17768
137	17	16792
137	18	11639
137	19	15506
137	20	1
137	24	390
137	25	362
137	26	604
137	27	3344
137	28	526
137	29	6549
137	30	11547
137	31	6873
137	32	3782
137	33	51734
137	34	11481
137	35	26506
137	36	52540
137	37	211925
137	38	303484
137	39	955787
137	40	2589
138	12	362
138	13	659
138	14	8401
138	15	7293
138	16	17151
138	17	16904
138	18	11501
138	19	15016
138	20	1
138	24	392
138	25	399
138	26	651
138	27	3496
138	28	529
138	29	6479
138	30	11290
138	31	6258
138	32	3715
138	33	50478
138	34	11416
138	35	26554
138	36	51686
138	37	209349
138	38	302063
138	39	963621
138	40	2560
139	12	376
139	13	678
139	14	8318
139	15	7456
139	16	17509
139	17	16875
139	18	11357
139	19	15062
139	20	1
139	24	420
139	25	379
139	26	644
139	27	3684
139	28	529
139	29	6485
139	30	11566
139	31	5921
139	32	3841
139	33	50121
139	34	11796
139	35	26685
139	36	51881
139	37	209011
139	38	302732
139	39	962312
139	40	2523
140	12	399
140	13	721
140	14	8482
140	15	7715
140	16	17723
140	17	16888
140	18	11464
140	19	15148
140	24	448
140	25	396
140	26	697
140	27	3717
140	28	543
140	29	6498
140	30	11696
140	31	5569
140	32	3807
140	33	50666
140	34	11901
140	35	26924
140	36	51954
140	37	210106
140	38	303045
140	39	958925
140	40	2372
141	12	439
141	13	733
141	14	8544
141	15	7683
141	16	17903
141	17	17005
141	18	11223
141	19	15038
141	20	1
141	24	445
141	25	433
141	26	727
141	27	3934
141	28	545
141	29	6540
141	30	11903
141	31	5379
141	32	3823
141	33	50629
141	34	12047
141	35	27087
141	36	52213
141	37	211178
141	38	303865
141	39	955882
141	40	2255
142	12	441
142	13	709
142	14	8790
142	15	8017
142	16	17899
142	17	17328
142	18	11783
142	19	15217
142	24	454
142	25	429
142	26	673
142	27	4070
142	28	598
142	29	6835
142	30	12443
142	31	5201
142	32	3869
142	33	51795
142	34	12293
142	35	28021
142	36	51609
142	37	212703
142	38	304010
142	39	949441
142	40	2253
143	12	422
143	13	720
143	14	8556
143	15	7878
143	16	17303
143	17	17160
143	18	11096
143	19	14194
143	24	461
143	25	443
143	26	738
143	27	4295
143	28	623
143	29	6927
143	30	12313
143	31	5035
143	32	3784
143	33	51442
143	34	12447
143	35	27659
143	36	50964
143	37	213800
143	38	305410
143	39	951109
143	40	2073
144	12	483
144	13	814
144	14	10465
144	15	9141
144	16	20572
144	17	20632
144	18	14629
144	19	19058
144	24	469
144	25	472
144	26	713
144	27	5015
144	28	664
144	29	7486
144	30	14895
144	31	5428
144	32	4334
144	33	58920
144	34	13480
144	35	31778
144	36	54457
144	37	227208
144	38	303870
144	39	898299
144	40	1766
145	12	494
145	13	858
145	14	10340
145	15	9317
145	16	20133
145	17	20388
145	18	14663
145	19	18830
145	24	518
145	25	510
145	26	781
145	27	5280
145	28	760
145	29	7919
145	30	16092
145	31	5609
145	32	4231
145	33	61009
145	34	13691
145	35	32456
145	36	53457
145	37	230387
145	38	306574
145	39	888819
145	40	1631
146	12	458
146	13	818
146	14	9183
146	15	8791
146	16	19038
146	17	18832
146	18	12070
146	19	15322
146	24	534
146	25	521
146	26	808
146	27	5535
146	28	721
146	29	7855
146	30	14573
146	31	5222
146	32	4090
146	33	57216
146	34	13791
146	35	31200
146	36	52160
146	37	228457
146	38	308766
146	39	907633
146	40	1571
147	12	476
147	13	859
147	14	8967
147	15	8667
147	16	18237
147	17	18510
147	18	11673
147	19	14332
147	24	505
147	25	498
147	26	815
147	27	5373
147	28	766
147	29	7172
147	30	13418
147	31	4636
147	32	4032
147	33	53507
147	34	13509
147	35	30288
147	36	50469
147	37	222178
147	38	305965
147	39	928274
147	40	1575
148	12	491
148	13	953
148	14	10029
148	15	9586
148	16	20441
148	17	20654
148	18	13578
148	19	16547
148	24	524
148	25	556
148	26	834
148	27	5600
148	28	838
148	29	7613
148	30	14827
148	31	4823
148	32	4300
148	33	57413
148	34	14586
148	35	32608
148	36	52327
148	37	228253
148	38	305360
148	39	899249
148	40	1413
149	12	568
149	13	1257
149	14	19015
149	15	15545
149	16	34327
149	17	45216
149	18	39211
149	19	54861
149	24	587
149	25	550
149	26	844
149	27	9589
149	28	1132
149	29	14235
149	30	45794
149	31	10638
149	32	6452
149	33	123706
149	34	20849
149	35	70133
149	36	66070
149	37	323200
149	38	301678
149	39	508412
149	40	302
