position	quality	count
0	16	1767
0	18	1776
0	29	136
0	30	13
0	31	2
0	32	300
0	33	260
0	34	156
0	35	24
0	36	4
1	16	1743
1	18	2407
1	29	254
1	30	37
1	31	3
1	32	227
1	33	207
1	34	123
1	35	20
1	36	4
2	16	2133
2	18	2448
2	29	178
2	30	34
2	31	9
2	32	149
2	33	166
2	34	112
2	35	22
2	36	3
3	16	1620
3	18	1338
3	29	116
3	30	28
3	31	11
3	32	150
3	33	140
3	34	99
3	35	19
3	36	2
4	16	1152
4	18	700
4	29	45
4	30	27
4	31	3
4	32	106
4	33	130
4	34	84
4	35	19
4	36	1
5	14	1
5	16	446
5	18	675
5	19	128
5	20	504
5	29	13
5	30	6
5	31	47
5	32	5
5	33	54
5	34	10
5	35	29
5	37	238
5	38	3
5	39	5
6	14	1
6	15	1
6	16	596
6	17	32
6	18	1032
6	19	260
6	20	1063
6	29	21
6	30	3
6	31	71
6	32	10
6	33	52
6	34	5
6	35	37
6	37	224
6	39	4
7	14	1
7	15	3
7	16	684
7	17	39
7	18	1185
7	19	304
7	20	1421
7	29	19
7	30	4
7	31	84
7	32	13
7	33	107
7	34	6
7	35	53
7	37	231
7	38	1
7	39	1
8	14	1
8	15	13
8	16	555
8	17	26
8	18	811
8	19	202
8	20	893
8	29	12
8	30	1
8	31	44
8	32	7
8	33	74
8	34	7
8	35	29
8	37	195
8	38	1
8	39	1
9	15	7
9	16	661
9	17	39
9	18	1050
9	19	280
9	20	1108
9	24	1
9	29	12
9	30	10
9	31	69
9	32	13
9	33	79
9	34	9
9	35	52
9	36	1
9	37	212
9	38	2
10	13	1
10	14	2
10	15	16
10	16	632
10	17	49
10	18	1080
10	19	206
10	20	987
10	29	15
10	30	4
10	31	57
10	32	5
10	33	79
10	34	6
10	35	41
10	37	206
10	38	1
10	39	3
11	15	20
11	16	665
11	17	75
11	18	1093
11	19	282
11	20	1371
11	29	18
11	30	2
11	31	84
11	32	7
11	33	94
11	34	6
11	35	46
11	37	187
11	38	1
11	39	3
12	14	10
12	15	14
12	16	518
12	17	38
12	18	835
12	19	162
12	20	432
12	21	363
12	30	2
12	32	59
12	33	47
12	34	10
12	35	26
12	36	9
12	37	23
12	38	169
12	39	1
13	13	1
13	14	5
13	15	16
13	16	567
13	17	51
13	18	930
13	19	209
13	20	444
13	21	427
13	30	2
13	32	79
13	33	50
13	34	10
13	35	20
13	36	17
13	37	29
13	38	155
14	14	8
14	15	33
14	16	657
14	17	69
14	18	1050
14	19	278
14	20	602
14	21	525
14	32	87
14	33	70
14	34	6
14	35	18
14	36	13
14	37	30
14	38	168
14	39	2
15	12	1
15	14	10
15	15	38
15	16	541
15	17	67
15	18	868
15	19	197
15	20	492
15	21	441
15	30	2
15	32	77
15	33	57
15	34	5
15	35	20
15	36	8
15	37	34
15	38	136
16	14	5
16	15	34
16	16	610
16	17	75
16	18	901
16	19	259
16	20	527
16	21	503
16	30	5
16	32	84
16	33	62
16	34	5
16	35	23
16	36	17
16	37	34
16	38	147
17	14	8
17	15	37
17	16	601
17	17	55
17	18	979
17	19	225
17	20	460
17	21	422
17	30	1
17	32	80
17	33	53
17	34	8
17	35	17
17	36	10
17	37	41
17	38	170
17	39	2
18	14	4
18	15	47
18	16	424
18	17	37
18	18	606
18	19	106
18	20	199
18	21	157
18	24	1
18	32	39
18	33	29
18	34	5
18	35	16
18	36	11
18	37	38
18	38	155
18	39	1
19	12	1
19	14	15
19	15	59
19	16	557
19	17	65
19	18	812
19	19	169
19	20	353
19	21	284
19	30	1
19	32	66
19	33	44
19	34	10
19	35	16
19	36	8
19	37	37
19	38	142
19	39	2
20	14	14
20	15	79
20	16	432
20	17	54
20	18	794
20	19	174
20	20	355
20	21	302
20	29	3
20	30	4
20	32	70
20	33	62
20	34	7
20	35	12
20	36	10
20	37	27
20	38	171
20	39	3
21	14	16
21	15	68
21	16	332
21	17	34
21	18	528
21	19	80
21	20	160
21	21	145
21	29	1
21	30	1
21	32	26
21	33	34
21	34	4
21	35	15
21	36	12
21	37	25
21	38	147
21	39	3
22	14	24
22	15	101
22	16	439
22	17	60
22	18	598
22	19	93
22	20	201
22	21	171
22	29	2
22	30	2
22	31	2
22	32	37
22	33	24
22	34	12
22	35	16
22	36	10
22	37	41
22	38	34
22	39	106
23	14	26
23	15	106
23	16	388
23	17	62
23	18	597
23	19	87
23	20	189
23	21	179
23	24	1
23	29	2
23	30	3
23	32	40
23	33	30
23	34	7
23	35	14
23	36	5
23	37	24
23	38	33
23	39	125
24	12	1
24	14	30
24	15	107
24	16	366
24	17	58
24	18	534
24	19	100
24	20	197
24	21	165
24	30	1
24	31	1
24	32	39
24	33	26
24	34	10
24	35	10
24	36	8
24	37	35
24	38	24
24	39	122
25	14	25
25	15	181
25	16	485
25	17	102
25	18	773
25	19	191
25	20	437
25	21	341
25	27	1
25	29	2
25	30	5
25	32	45
25	33	26
25	34	8
25	35	17
25	36	6
25	37	28
25	38	27
25	39	127
26	14	39
26	15	277
26	16	523
26	17	105
26	18	708
26	19	145
26	20	254
26	21	182
26	29	1
26	30	1
26	32	30
26	33	15
26	34	4
26	35	13
26	36	7
26	37	37
26	38	23
26	39	94
27	14	58
27	15	257
27	16	555
27	17	96
27	18	815
27	19	170
27	20	352
27	21	283
27	29	1
27	30	3
27	32	35
27	33	22
27	34	11
27	35	14
27	36	6
27	37	24
27	38	22
27	39	96
28	14	53
28	15	283
28	16	513
28	17	134
28	18	790
28	19	189
28	20	371
28	21	229
28	29	1
28	30	3
28	31	3
28	32	47
28	33	30
28	34	9
28	35	9
28	36	7
28	37	32
28	38	33
28	39	91
29	12	1
29	14	54
29	15	253
29	16	514
29	17	135
29	18	751
29	19	167
29	20	272
29	21	158
29	24	1
29	27	1
29	30	5
29	31	4
29	32	23
29	33	23
29	34	9
29	35	10
29	36	6
29	37	22
29	38	30
29	39	111
30	14	69
30	15	290
30	16	487
30	17	168
30	18	785
30	19	170
30	20	318
30	21	220
30	30	2
30	31	3
30	32	33
30	33	25
30	34	2
30	35	12
30	36	11
30	37	22
30	38	33
30	39	98
31	14	54
31	15	277
31	16	436
31	17	210
31	18	717
31	19	152
31	20	298
31	21	191
31	29	2
31	31	5
31	32	16
31	33	26
31	34	7
31	35	12
31	36	11
31	37	22
31	38	40
31	39	114
32	12	1
32	14	74
32	15	281
32	16	467
32	17	240
32	18	731
32	19	167
32	20	382
32	21	209
32	30	3
32	31	1
32	32	34
32	33	19
32	34	5
32	35	11
32	36	2
32	37	36
32	38	24
32	39	99
33	12	2
33	14	81
33	15	324
33	16	472
33	17	244
33	18	750
33	19	159
33	20	414
33	21	210
33	30	2
33	31	2
33	32	51
33	33	20
33	34	7
33	35	16
33	36	6
33	37	31
33	38	44
33	39	111
34	12	1
34	14	72
34	15	249
34	16	418
34	17	222
34	18	609
34	19	125
34	20	299
34	21	169
34	30	4
34	31	1
34	32	25
34	33	24
34	34	6
34	35	10
34	36	7
34	37	16
34	38	25
34	39	112
35	12	2
35	14	60
35	15	243
35	16	402
35	17	250
35	18	524
35	19	93
35	20	236
35	21	102
35	27	1
35	29	3
35	30	5
35	31	1
35	32	29
35	33	15
35	34	7
35	35	14
35	36	7
35	37	20
35	38	26
35	39	112
36	12	2
36	14	83
36	15	241
36	16	446
36	17	319
36	18	582
36	19	107
36	20	376
36	21	154
36	27	3
36	29	2
36	30	6
36	31	1
36	32	28
36	33	31
36	34	7
36	35	16
36	36	10
36	37	30
36	38	37
36	39	117
37	12	7
37	14	67
37	15	249
37	16	454
37	17	336
37	18	584
37	19	90
37	20	346
37	21	151
37	27	1
37	29	3
37	30	4
37	31	3
37	32	28
37	33	32
37	34	9
37	35	10
37	36	10
37	37	27
37	38	36
37	39	121
38	12	7
38	13	1
38	14	83
38	15	219
38	16	439
38	17	368
38	18	468
38	19	70
38	20	335
38	21	94
38	27	1
38	29	1
38	30	2
38	31	4
38	32	28
38	33	23
38	34	6
38	35	13
38	36	6
38	37	33
38	38	35
38	39	106
39	12	4
39	13	1
39	14	85
39	15	240
39	16	477
39	17	436
39	18	518
39	19	80
39	20	314
39	21	105
39	27	1
39	29	1
39	30	1
39	31	3
39	32	28
39	33	19
39	34	6
39	35	9
39	36	9
39	37	32
39	38	25
39	39	116
40	12	4
40	13	2
40	14	102
40	15	235
40	16	442
40	17	461
40	18	456
40	19	45
40	20	336
40	21	70
40	27	3
40	28	2
40	29	2
40	30	3
40	31	4
40	32	28
40	33	20
40	34	6
40	35	6
40	36	6
40	37	29
40	38	34
40	39	106
41	12	8
41	13	2
41	14	85
41	15	235
41	16	485
41	17	544
41	18	409
41	19	31
41	20	361
41	21	78
41	27	2
41	29	5
41	30	7
41	31	3
41	32	20
41	33	25
41	34	4
41	35	8
41	36	4
41	37	27
41	38	33
41	39	106
42	12	9
42	13	1
42	14	114
42	15	232
42	16	441
42	17	531
42	18	300
42	19	17
42	20	376
42	21	62
42	27	5
42	28	2
42	29	5
42	31	3
42	32	34
42	33	25
42	34	2
42	35	5
42	36	6
42	37	17
42	38	37
42	39	133
43	12	9
43	14	108
43	15	204
43	16	435
43	17	544
43	18	242
43	19	10
43	20	301
43	21	17
43	25	1
43	27	2
43	29	1
43	30	3
43	31	3
43	32	24
43	33	28
43	34	8
43	35	11
43	36	3
43	37	26
43	38	33
43	39	101
44	12	5
44	13	6
44	14	112
44	15	199
44	16	514
44	17	649
44	18	272
44	19	6
44	20	384
44	21	26
44	24	1
44	27	3
44	29	2
44	30	5
44	31	2
44	32	36
44	33	20
44	34	3
44	35	12
44	36	6
44	37	25
44	38	38
44	39	94
44	40	1
45	12	11
45	13	1
45	14	133
45	15	246
45	16	527
45	17	714
45	18	203
45	19	4
45	20	367
45	21	20
45	27	2
45	29	3
45	30	10
45	31	2
45	32	24
45	33	26
45	34	2
45	35	11
45	36	13
45	37	31
45	38	30
45	39	120
46	12	14
46	13	3
46	14	138
46	15	193
46	16	440
46	17	652
46	18	194
46	19	3
46	20	343
46	21	8
46	25	1
46	27	2
46	29	2
46	30	11
46	31	1
46	32	19
46	33	16
46	34	3
46	35	9
46	36	7
46	37	31
46	38	50
46	39	105
47	12	15
47	13	3
47	14	128
47	15	200
47	16	501
47	17	688
47	18	209
47	19	1
47	20	349
47	21	16
47	27	3
47	29	2
47	30	6
47	31	4
47	32	28
47	33	19
47	34	2
47	35	11
47	36	11
47	37	20
47	38	29
47	39	110
48	12	22
48	13	4
48	14	124
48	15	172
48	16	454
48	17	593
48	18	208
48	20	324
48	21	12
48	27	2
48	29	3
48	32	17
48	33	22
48	34	8
48	35	19
48	36	11
48	37	32
48	38	29
48	39	114
49	12	17
49	13	8
49	14	146
49	15	217
49	16	603
49	17	817
49	18	219
49	19	1
49	20	554
49	21	9
49	25	1
49	27	3
49	29	8
49	30	7
49	31	4
49	32	25
49	33	25
49	34	3
49	35	11
49	36	11
49	37	31
49	38	26
49	39	100
50	12	19
50	13	1
50	14	137
50	15	200
50	16	511
50	17	654
50	18	207
50	20	360
50	21	3
50	25	1
50	27	5
50	29	3
50	30	3
50	31	4
50	32	27
50	33	21
50	34	1
50	35	7
50	36	18
50	37	23
50	38	39
50	39	106
51	12	16
51	13	7
51	14	156
51	15	197
51	16	513
51	17	661
51	18	192
51	20	357
51	21	2
51	27	4
51	29	1
51	30	9
51	31	4
51	32	29
51	33	26
51	34	2
51	35	13
51	36	14
51	37	31
51	38	40
51	39	101
52	12	14
52	13	4
52	14	147
52	15	200
52	16	515
52	17	694
52	18	224
52	20	393
52	21	1
52	25	2
52	27	2
52	29	5
52	30	6
52	31	4
52	32	29
52	33	20
52	34	7
52	35	12
52	36	14
52	37	28
52	38	26
52	39	116
53	12	12
53	13	4
53	14	179
53	15	190
53	16	594
53	17	804
53	18	207
53	20	436
53	27	9
53	29	3
53	30	5
53	31	1
53	32	39
53	33	26
53	34	3
53	35	15
53	36	15
53	37	39
53	38	35
53	39	127
54	12	16
54	13	6
54	14	148
54	15	157
54	16	443
54	17	572
54	18	180
54	20	326
54	27	2
54	30	5
54	31	2
54	32	27
54	33	19
54	34	7
54	35	12
54	36	11
54	37	25
54	38	39
54	39	99
55	12	15
55	13	7
55	14	182
55	15	165
55	16	500
55	17	634
55	18	206
55	20	367
55	25	2
55	27	4
55	28	1
55	29	2
55	30	4
55	31	2
55	32	27
55	33	20
55	34	4
55	35	8
55	36	7
55	37	20
55	38	31
55	39	104
56	12	24
56	13	6
56	14	195
56	15	174
56	16	527
56	17	671
56	18	199
56	20	396
56	27	6
56	29	2
56	30	7
56	31	2
56	32	32
56	33	28
56	34	2
56	35	7
56	36	9
56	37	27
56	38	47
56	39	96
57	12	25
57	13	7
57	14	193
57	15	199
57	16	624
57	17	765
57	18	161
57	19	72
57	20	435
57	25	1
57	26	1
57	27	4
57	28	1
57	29	1
57	30	5
57	31	4
57	32	34
57	33	31
57	34	2
57	35	10
57	36	14
57	37	24
57	38	37
57	39	105
57	40	9
58	12	19
58	13	13
58	14	199
58	15	157
58	16	506
58	17	584
58	18	115
58	19	45
58	20	332
58	27	2
58	29	1
58	30	3
58	31	1
58	32	16
58	33	23
58	34	3
58	35	6
58	36	10
58	37	23
58	38	30
58	39	110
58	40	6
59	12	26
59	13	7
59	14	190
59	15	165
59	16	475
59	17	588
59	18	132
59	19	66
59	20	306
59	24	1
59	27	3
59	29	3
59	30	6
59	31	2
59	32	23
59	33	27
59	34	5
59	35	10
59	36	8
59	37	30
59	38	30
59	39	93
59	40	5
60	12	26
60	13	10
60	14	220
60	15	244
60	16	661
60	17	841
60	18	181
60	19	71
60	20	565
60	26	1
60	27	7
60	28	1
60	29	5
60	30	7
60	31	3
60	32	43
60	33	24
60	34	5
60	35	16
60	36	11
60	37	18
60	38	30
60	39	94
60	40	11
61	12	25
61	13	11
61	14	213
61	15	198
61	16	578
61	17	593
61	18	147
61	19	72
61	20	339
61	27	6
61	29	3
61	30	2
61	31	5
61	32	25
61	33	28
61	34	4
61	35	11
61	36	6
61	37	22
61	38	22
61	39	103
61	40	7
62	12	25
62	13	10
62	14	220
62	15	189
62	16	533
62	17	624
62	18	172
62	19	58
62	20	355
62	24	1
62	25	1
62	27	8
62	28	1
62	29	3
62	30	8
62	31	2
62	32	28
62	33	24
62	34	4
62	35	15
62	36	9
62	37	25
62	38	24
62	39	93
62	40	5
63	12	24
63	13	8
63	14	204
63	15	177
63	16	588
63	17	681
63	18	166
63	19	54
63	20	393
63	24	1
63	25	3
63	26	1
63	27	9
63	28	1
63	29	4
63	30	7
63	31	2
63	32	29
63	33	27
63	34	7
63	35	10
63	36	9
63	37	21
63	38	35
63	39	89
63	40	5
64	12	34
64	13	16
64	14	212
64	15	197
64	16	596
64	17	624
64	18	161
64	19	69
64	20	418
64	24	1
64	25	5
64	27	6
64	29	7
64	30	8
64	31	4
64	32	32
64	33	25
64	34	3
64	35	8
64	36	11
64	37	32
64	38	31
64	39	89
64	40	1
65	12	30
65	13	17
65	14	192
65	15	187
65	16	600
65	17	610
65	18	149
65	19	64
65	20	322
65	24	3
65	25	1
65	27	5
65	28	1
65	29	2
65	30	10
65	31	4
65	32	28
65	33	28
65	34	6
65	35	13
65	36	7
65	37	23
65	38	39
65	39	111
65	40	5
66	12	31
66	13	8
66	14	220
66	15	191
66	16	554
66	17	588
66	18	155
66	19	68
66	20	356
66	24	1
66	25	2
66	26	1
66	27	3
66	29	2
66	30	8
66	31	4
66	32	22
66	33	25
66	34	4
66	35	5
66	36	8
66	37	34
66	38	31
66	39	108
66	40	4
67	12	39
67	13	21
67	14	224
67	15	155
67	16	587
67	17	605
67	18	167
67	19	62
67	20	373
67	25	3
67	26	2
67	27	5
67	28	1
67	29	5
67	30	7
67	31	4
67	32	19
67	33	17
67	34	6
67	35	9
67	36	16
67	37	21
67	38	37
67	39	102
67	40	2
68	12	36
68	13	17
68	14	196
68	15	166
68	16	534
68	17	559
68	18	124
68	19	68
68	20	316
68	25	3
68	26	1
68	27	3
68	28	2
68	29	3
68	30	7
68	31	3
68	32	18
68	33	17
68	34	4
68	35	7
68	36	10
68	37	29
68	38	31
68	39	94
68	40	2
69	12	39
69	13	14
69	14	210
69	15	180
69	16	605
69	17	577
69	18	160
69	19	71
69	20	345
69	24	1
69	25	1
69	26	1
69	27	5
69	29	5
69	30	5
69	31	4
69	32	17
69	33	17
69	34	5
69	35	9
69	36	6
69	37	21
69	38	25
69	39	88
69	40	1
70	12	43
70	13	10
70	14	226
70	15	223
70	16	627
70	17	584
70	18	155
70	19	78
70	20	369
70	25	3
70	26	1
70	27	7
70	28	2
70	29	2
70	30	8
70	31	3
70	32	23
70	33	30
70	34	3
70	35	14
70	36	7
70	37	24
70	38	33
70	39	81
70	40	1
71	12	32
71	13	13
71	14	194
71	15	210
71	16	632
71	17	590
71	18	146
71	19	64
71	20	356
71	24	2
71	26	1
71	27	12
71	28	2
71	29	1
71	30	6
71	31	7
71	32	24
71	33	19
71	34	6
71	35	16
71	36	18
71	37	28
71	38	31
71	39	93
71	40	2
72	12	40
72	13	8
72	14	232
72	15	220
72	16	614
72	17	660
72	18	161
72	19	70
72	20	374
72	24	2
72	25	3
72	27	8
72	28	3
72	29	7
72	30	5
72	31	3
72	32	21
72	33	20
72	34	4
72	35	10
72	36	5
72	37	26
72	38	30
72	39	83
72	40	1
73	12	41
73	13	15
73	14	211
73	15	221
73	16	601
73	17	657
73	18	176
73	19	80
73	20	401
73	24	4
73	25	2
73	27	6
73	28	1
73	29	5
73	30	11
73	31	11
73	32	23
73	33	27
73	34	5
73	35	11
73	36	14
73	37	25
73	38	29
73	39	103
73	40	1
74	12	40
74	13	22
74	14	215
74	15	200
74	16	626
74	17	631
74	18	179
74	19	81
74	20	377
74	24	2
74	25	2
74	26	1
74	27	2
74	29	4
74	30	11
74	31	7
74	32	23
74	33	26
74	34	7
74	35	5
74	36	15
74	37	33
74	38	29
74	39	92
75	12	43
75	13	15
75	14	218
75	15	221
75	16	611
75	17	573
75	18	161
75	19	75
75	20	295
75	25	3
75	27	6
75	28	1
75	29	1
75	30	4
75	31	4
75	32	16
75	33	31
75	34	2
75	35	14
75	36	10
75	37	29
75	38	32
75	39	93
75	40	1
76	12	47
76	13	15
76	14	214
76	15	200
76	16	587
76	17	548
76	18	156
76	19	82
76	20	328
76	24	1
76	25	2
76	27	4
76	28	2
76	29	2
76	30	7
76	31	6
76	32	19
76	33	25
76	34	3
76	35	9
76	36	7
76	37	20
76	38	35
76	39	98
77	12	59
77	13	14
77	14	231
77	15	247
77	16	580
77	17	591
77	18	160
77	19	76
77	20	338
77	24	1
77	25	2
77	26	2
77	27	9
77	29	4
77	30	9
77	31	5
77	32	19
77	33	21
77	34	6
77	35	6
77	36	16
77	37	32
77	38	26
77	39	86
78	12	54
78	13	20
78	14	203
78	15	205
78	16	548
78	17	554
78	18	160
78	19	88
78	20	300
78	24	1
78	25	2
78	27	3
78	29	2
78	30	12
78	31	6
78	32	15
78	33	15
78	34	4
78	35	6
78	36	10
78	37	29
78	38	40
78	39	95
79	12	62
79	13	24
79	14	234
79	15	238
79	16	690
79	17	678
79	18	177
79	19	76
79	20	380
79	24	3
79	25	2
79	26	2
79	27	9
79	28	3
79	29	3
79	30	11
79	31	7
79	32	25
79	33	31
79	34	1
79	35	10
79	36	12
79	37	23
79	38	36
79	39	89
79	40	1
80	12	43
80	13	24
80	14	213
80	15	208
80	16	548
80	17	550
80	18	161
80	19	88
80	20	302
80	24	2
80	25	1
80	26	1
80	27	8
80	28	1
80	29	4
80	30	9
80	31	6
80	32	14
80	33	13
80	34	3
80	35	10
80	36	10
80	37	25
80	38	33
80	39	114
81	12	46
81	13	24
81	14	226
81	15	240
81	16	575
81	17	554
81	18	152
81	19	82
81	20	271
81	25	1
81	27	11
81	28	2
81	29	2
81	30	13
81	31	8
81	32	15
81	33	27
81	34	4
81	35	12
81	36	8
81	37	16
81	38	23
81	39	97
82	12	56
82	13	21
82	14	228
82	15	221
82	16	599
82	17	527
82	18	161
82	19	76
82	20	302
82	24	1
82	25	2
82	26	2
82	27	7
82	28	1
82	29	3
82	30	9
82	31	7
82	32	7
82	33	24
82	34	3
82	35	13
82	36	11
82	37	22
82	38	36
82	39	97
83	12	56
83	13	38
83	14	258
83	15	265
83	16	667
83	17	696
83	18	179
83	19	122
83	20	365
83	24	3
83	25	3
83	26	3
83	27	5
83	28	1
83	29	1
83	30	13
83	31	14
83	32	10
83	33	30
83	34	3
83	35	12
83	36	13
83	37	27
83	38	17
83	39	82
84	12	50
84	13	43
84	14	284
84	15	281
84	16	806
84	17	795
84	18	201
84	19	138
84	20	439
84	24	6
84	25	2
84	26	1
84	27	8
84	28	2
84	29	7
84	30	9
84	31	18
84	32	20
84	33	32
84	34	5
84	35	9
84	36	11
84	37	29
84	38	26
84	39	117
85	12	37
85	13	32
85	14	236
85	15	252
85	16	645
85	17	652
85	18	171
85	19	129
85	20	345
85	24	3
85	25	2
85	26	2
85	27	4
85	28	1
85	29	2
85	30	4
85	31	7
85	32	21
85	33	21
85	34	6
85	35	4
85	36	8
85	37	29
85	38	19
85	39	107
86	12	55
86	13	31
86	14	237
86	15	251
86	16	604
86	17	569
86	18	159
86	19	112
86	20	331
86	24	3
86	25	3
86	26	1
86	27	3
86	29	6
86	30	7
86	31	8
86	32	8
86	33	21
86	34	5
86	35	6
86	36	9
86	37	37
86	38	34
86	39	101
87	12	54
87	13	31
87	14	247
87	15	263
87	16	615
87	17	653
87	18	173
87	19	118
87	20	348
87	24	3
87	25	3
87	26	3
87	27	7
87	29	9
87	30	15
87	31	8
87	32	10
87	33	31
87	34	3
87	35	8
87	36	10
87	37	26
87	38	36
87	39	91
88	12	44
88	13	37
88	14	260
88	15	256
88	16	660
88	17	641
88	18	192
88	19	122
88	20	341
88	24	4
88	25	3
88	27	5
88	28	1
88	29	4
88	30	7
88	31	10
88	32	13
88	33	29
88	34	2
88	35	8
88	36	13
88	37	26
88	38	28
88	39	104
89	12	57
89	13	31
89	14	263
89	15	268
89	16	657
89	17	613
89	18	199
89	19	136
89	20	303
89	24	1
89	25	5
89	26	5
89	27	6
89	28	4
89	29	3
89	30	7
89	31	14
89	32	9
89	33	20
89	34	4
89	35	12
89	36	7
89	37	37
89	38	32
89	39	98
90	12	51
90	13	30
90	14	235
90	15	258
90	16	682
90	17	621
90	18	208
90	19	137
90	20	349
90	24	4
90	25	1
90	26	2
90	27	7
90	28	2
90	29	6
90	30	13
90	31	6
90	32	13
90	33	26
90	34	7
90	35	7
90	36	13
90	37	31
90	38	50
90	39	87
91	12	56
91	13	36
91	14	287
91	15	289
91	16	692
91	17	721
91	18	214
91	19	144
91	20	323
91	24	4
91	25	1
91	26	1
91	27	5
91	29	3
91	30	4
91	31	15
91	32	13
91	33	17
91	34	2
91	35	12
91	36	12
91	37	29
91	38	33
91	39	94
92	12	48
92	13	35
92	14	249
92	15	284
92	16	608
92	17	631
92	18	185
92	19	136
92	20	259
92	24	1
92	25	6
92	26	2
92	27	5
92	29	8
92	30	7
92	31	10
92	32	10
92	33	30
92	34	3
92	35	12
92	36	10
92	37	24
92	38	42
92	39	91
93	12	52
93	13	28
93	14	236
93	15	262
93	16	680
93	17	586
93	18	187
93	19	133
93	20	264
93	24	4
93	25	8
93	26	1
93	27	6
93	28	1
93	29	6
93	30	7
93	31	11
93	32	12
93	33	27
93	34	3
93	35	7
93	36	8
93	37	28
93	38	25
93	39	103
94	12	65
94	13	31
94	14	252
94	15	274
94	16	683
94	17	598
94	18	201
94	19	161
94	20	258
94	24	2
94	25	3
94	26	5
94	27	7
94	28	1
94	29	8
94	30	10
94	31	17
94	32	7
94	33	25
94	34	8
94	35	11
94	36	3
94	37	21
94	38	37
94	39	95
95	12	52
95	13	32
95	14	290
95	15	312
95	16	630
95	17	595
95	18	190
95	19	143
95	20	263
95	24	8
95	25	1
95	26	1
95	27	10
95	28	4
95	29	9
95	30	7
95	31	14
95	32	12
95	33	16
95	34	3
95	35	11
95	36	9
95	37	14
95	38	39
95	39	87
96	12	47
96	13	36
96	14	248
96	15	314
96	16	673
96	17	618
96	18	179
96	19	170
96	20	247
96	24	6
96	25	2
96	26	1
96	27	11
96	28	3
96	29	7
96	30	14
96	31	12
96	32	9
96	33	21
96	34	2
96	35	5
96	36	10
96	37	33
96	38	28
96	39	114
97	12	59
97	13	38
97	14	287
97	15	281
97	16	708
97	17	643
97	18	207
97	19	173
97	20	271
97	24	5
97	25	4
97	26	4
97	27	9
97	28	1
97	29	5
97	30	8
97	31	17
97	32	6
97	33	19
97	34	3
97	35	15
97	36	8
97	37	24
97	38	37
97	39	97
98	12	66
98	13	43
98	14	277
98	15	309
98	16	758
98	17	730
98	18	181
98	19	189
98	20	295
98	24	5
98	25	5
98	26	3
98	27	7
98	28	1
98	29	6
98	30	8
98	31	30
98	32	3
98	33	25
98	34	4
98	35	7
98	36	10
98	37	23
98	38	35
98	39	104
99	12	54
99	13	40
99	14	224
99	15	292
99	16	688
99	17	637
99	18	206
99	19	167
99	20	218
99	24	6
99	25	3
99	26	2
99	27	7
99	29	10
99	30	11
99	31	17
99	32	6
99	33	16
99	34	1
99	35	14
99	36	13
99	37	33
99	38	30
99	39	98
100	12	64
100	13	34
100	14	288
100	15	326
100	16	737
100	17	656
100	18	185
100	19	186
100	20	242
100	24	2
100	25	4
100	26	1
100	27	9
100	28	1
100	29	10
100	30	15
100	31	15
100	32	4
100	33	19
100	34	6
100	35	5
100	36	10
100	37	23
100	38	28
100	39	91
101	12	63
101	13	31
101	14	271
101	15	295
101	16	648
101	17	582
101	18	197
101	19	198
101	20	224
101	24	5
101	25	3
101	27	9
101	28	1
101	29	6
101	30	4
101	31	14
101	32	9
101	33	27
101	34	4
101	35	9
101	36	13
101	37	26
101	38	36
101	39	95
102	12	48
102	13	53
102	14	268
102	15	335
102	16	767
102	17	813
102	18	270
102	19	232
102	20	249
102	24	7
102	25	4
102	26	3
102	27	10
102	28	1
102	29	8
102	30	17
102	31	22
102	32	5
102	33	25
102	34	5
102	35	8
102	36	11
102	37	33
102	38	34
102	39	95
103	12	59
103	13	40
103	14	311
103	15	344
103	16	688
103	17	634
103	18	242
103	19	198
103	20	163
103	24	3
103	25	3
103	26	4
103	27	11
103	28	1
103	29	7
103	30	9
103	31	12
103	32	3
103	33	15
103	34	2
103	35	9
103	36	7
103	37	34
103	38	33
103	39	93
104	12	62
104	13	45
104	14	298
104	15	311
104	16	751
104	17	739
104	18	253
104	19	236
104	20	228
104	24	5
104	25	3
104	26	2
104	27	12
104	28	2
104	29	11
104	30	7
104	31	20
104	32	5
104	33	20
104	34	2
104	35	14
104	36	14
104	37	28
104	38	32
104	39	117
105	12	66
105	13	28
105	14	297
105	15	321
105	16	701
105	17	657
105	18	239
105	19	238
105	20	177
105	24	5
105	25	4
105	26	2
105	27	10
105	29	5
105	30	11
105	31	15
105	32	7
105	33	20
105	34	8
105	35	13
105	36	14
105	37	33
105	38	38
105	39	104
106	12	67
106	13	59
106	14	291
106	15	348
106	16	767
106	17	672
106	18	267
106	19	273
106	20	181
106	24	2
106	25	2
106	26	2
106	27	6
106	28	1
106	29	5
106	30	14
106	31	16
106	32	3
106	33	22
106	34	6
106	35	6
106	36	10
106	37	26
106	38	29
106	39	106
107	12	74
107	13	38
107	14	309
107	15	323
107	16	787
107	17	655
107	18	243
107	19	250
107	20	168
107	24	8
107	25	7
107	26	3
107	27	16
107	29	7
107	30	7
107	31	13
107	32	2
107	33	18
107	34	4
107	35	8
107	36	10
107	37	26
107	38	42
107	39	95
108	12	73
108	13	39
108	14	333
108	15	395
108	16	747
108	17	598
108	18	267
108	19	280
108	20	159
108	24	6
108	25	7
108	26	5
108	27	6
108	28	3
108	29	6
108	30	12
108	31	20
108	32	2
108	33	32
108	34	4
108	35	11
108	36	19
108	37	28
108	38	28
108	39	102
109	12	79
109	13	52
109	14	301
109	15	361
109	16	680
109	17	619
109	18	230
109	19	259
109	20	132
109	24	4
109	25	5
109	26	1
109	27	6
109	28	3
109	29	10
109	30	8
109	31	23
109	32	4
109	33	25
109	34	3
109	35	7
109	36	16
109	37	23
109	38	23
109	39	83
110	12	70
110	13	41
110	14	411
110	15	389
110	16	1043
110	17	906
110	18	359
110	19	431
110	20	180
110	24	5
110	25	3
110	26	3
110	27	17
110	28	1
110	29	6
110	30	16
110	31	24
110	32	3
110	33	31
110	34	4
110	35	6
110	36	9
110	37	32
110	38	37
110	39	86
111	12	72
111	13	43
111	14	337
111	15	356
111	16	792
111	17	760
111	18	316
111	19	312
111	20	134
111	24	5
111	25	3
111	27	11
111	28	3
111	29	12
111	30	12
111	31	15
111	32	1
111	33	26
111	34	7
111	35	11
111	36	13
111	37	29
111	38	17
111	39	99
112	12	80
112	13	64
112	14	336
112	15	356
112	16	789
112	17	761
112	18	324
112	19	397
112	20	135
112	24	9
112	25	3
112	27	12
112	29	10
112	30	13
112	31	23
112	32	4
112	33	23
112	34	4
112	35	9
112	36	11
112	37	33
112	38	34
112	39	86
113	12	91
113	13	52
113	14	327
113	15	361
113	16	764
113	17	734
113	18	336
113	19	339
113	20	99
113	24	3
113	25	9
113	26	3
113	27	10
113	28	2
113	29	10
113	30	8
113	31	16
113	32	5
113	33	20
113	34	5
113	35	10
113	36	14
113	37	31
113	38	30
113	39	92
114	12	82
114	13	56
114	14	336
114	15	399
114	16	853
114	17	819
114	18	296
114	19	324
114	20	109
114	24	8
114	25	6
114	26	6
114	27	10
114	28	4
114	29	5
114	30	11
114	31	24
114	33	31
114	34	2
114	35	11
114	36	10
114	37	28
114	38	35
114	39	101
115	12	95
115	13	63
115	14	308
115	15	346
115	16	708
115	17	612
115	18	244
115	19	301
115	20	76
115	24	7
115	25	2
115	26	5
115	27	12
115	28	1
115	29	6
115	30	10
115	31	14
115	33	28
115	34	7
115	35	5
115	36	10
115	37	25
115	38	33
115	39	104
116	12	83
116	13	51
116	14	345
116	15	379
116	16	842
116	17	765
116	18	324
116	19	436
116	20	77
116	24	5
116	25	2
116	27	8
116	28	1
116	29	9
116	30	19
116	31	22
116	32	1
116	33	34
116	34	1
116	35	9
116	36	11
116	37	28
116	38	23
116	39	81
117	12	87
117	13	52
117	14	328
117	15	407
117	16	876
117	17	802
117	18	310
117	19	383
117	20	69
117	24	9
117	25	5
117	26	7
117	27	11
117	28	4
117	29	8
117	30	8
117	31	11
117	33	27
117	34	8
117	35	4
117	36	17
117	37	29
117	38	40
117	39	96
118	12	84
118	13	73
118	14	384
118	15	404
118	16	918
118	17	856
118	18	342
118	19	497
118	20	69
118	24	6
118	25	4
118	26	11
118	27	13
118	28	1
118	29	13
118	30	13
118	31	28
118	32	5
118	33	24
118	34	4
118	35	10
118	36	12
118	37	34
118	38	27
118	39	106
119	12	81
119	13	57
119	14	336
119	15	365
119	16	778
119	17	586
119	18	263
119	19	356
119	20	38
119	24	3
119	25	3
119	26	4
119	27	7
119	29	10
119	30	6
119	31	32
119	32	1
119	33	21
119	34	3
119	35	5
119	36	12
119	37	38
119	38	29
119	39	99
120	12	95
120	13	61
120	14	376
120	15	407
120	16	807
120	17	733
120	18	315
120	19	432
120	20	38
120	24	6
120	25	6
120	26	5
120	27	19
120	28	1
120	29	11
120	30	11
120	31	21
120	32	3
120	33	30
120	34	4
120	35	4
120	36	12
120	37	33
120	38	25
120	39	93
121	12	82
121	13	54
121	14	385
121	15	409
121	16	809
121	17	789
121	18	309
121	19	466
121	20	39
121	24	5
121	25	3
121	26	1
121	27	6
121	28	2
121	29	11
121	30	19
121	31	17
121	32	1
121	33	30
121	34	1
121	35	10
121	36	11
121	37	33
121	38	43
121	39	71
122	12	94
122	13	71
122	14	384
122	15	395
122	16	817
122	17	787
122	18	298
122	19	384
122	20	28
122	24	6
122	25	3
122	26	5
122	27	13
122	28	3
122	29	9
122	30	15
122	31	22
122	32	1
122	33	31
122	34	2
122	35	1
122	36	9
122	37	32
122	38	28
122	39	82
123	12	82
123	13	90
123	14	321
123	15	381
123	16	737
123	17	689
123	18	282
123	19	354
123	20	23
123	24	5
123	25	5
123	26	3
123	27	4
123	28	2
123	29	9
123	30	10
123	31	15
123	32	3
123	33	24
123	34	6
123	35	7
123	36	9
123	37	35
123	38	32
123	39	90
124	12	86
124	13	64
124	14	335
124	15	461
124	16	738
124	17	743
124	18	277
124	19	373
124	20	27
124	24	4
124	25	2
124	26	5
124	27	9
124	28	1
124	29	10
124	30	12
124	31	23
124	32	2
124	33	27
124	34	4
124	35	12
124	36	5
124	37	31
124	38	38
124	39	100
125	12	96
125	13	66
125	14	389
125	15	441
125	16	835
125	17	819
125	18	342
125	19	369
125	20	18
125	24	8
125	25	2
125	26	7
125	27	15
125	28	5
125	29	10
125	30	12
125	31	13
125	32	4
125	33	23
125	34	2
125	35	13
125	36	12
125	37	34
125	38	26
125	39	100
126	12	101
126	13	74
126	14	406
126	15	440
126	16	900
126	17	840
126	18	306
126	19	438
126	20	22
126	24	8
126	25	9
126	27	11
126	28	1
126	29	15
126	30	12
126	31	12
126	32	3
126	33	25
126	34	2
126	35	11
126	36	12
126	37	28
126	38	39
126	39	75
127	12	92
127	13	79
127	14	359
127	15	415
127	16	742
127	17	701
127	18	286
127	19	405
127	20	15
127	24	10
127	25	2
127	26	7
127	27	12
127	29	13
127	30	12
127	31	15
127	32	5
127	33	31
127	34	7
127	35	6
127	36	8
127	37	28
127	38	37
127	39	96
128	12	93
128	13	53
128	14	369
128	15	444
128	16	835
128	17	753
128	18	304
128	19	451
128	20	9
128	24	8
128	25	1
128	26	6
128	27	17
128	28	3
128	29	17
128	30	20
128	31	12
128	32	2
128	33	29
128	34	6
128	35	8
128	36	9
128	37	31
128	38	33
128	39	83
129	12	91
129	13	74
129	14	433
129	15	539
129	16	919
129	17	886
129	18	380
129	19	463
129	20	4
129	24	10
129	25	5
129	26	6
129	27	7
129	28	1
129	29	18
129	30	24
129	31	18
129	32	4
129	33	44
129	34	3
129	35	12
129	36	10
129	37	32
129	38	37
129	39	82
129	40	1
130	12	104
130	13	72
130	14	467
130	15	556
130	16	1100
130	17	1103
130	18	461
130	19	638
130	20	9
130	24	8
130	25	5
130	26	4
130	27	18
130	29	18
130	30	18
130	31	24
130	32	3
130	33	55
130	34	3
130	35	6
130	36	11
130	37	35
130	38	25
130	39	81
131	12	114
131	13	74
131	14	390
131	15	464
131	16	813
131	17	764
131	18	309
131	19	419
131	20	7
131	24	8
131	25	4
131	27	17
131	28	2
131	29	10
131	30	16
131	31	16
131	32	2
131	33	43
131	34	5
131	35	8
131	36	14
131	37	35
131	38	36
131	39	102
132	12	97
132	13	70
132	14	371
132	15	459
132	16	812
132	17	702
132	18	309
132	19	442
132	20	6
132	24	5
132	25	5
132	26	8
132	27	13
132	28	3
132	29	13
132	30	15
132	31	15
132	32	2
132	33	23
132	34	6
132	35	4
132	36	9
132	37	28
132	38	45
132	39	75
133	12	102
133	13	80
133	14	443
133	15	466
133	16	876
133	17	873
133	18	340
133	19	436
133	20	2
133	24	2
133	25	4
133	26	3
133	27	16
133	28	2
133	29	19
133	30	18
133	31	9
133	32	2
133	33	41
133	34	2
133	35	10
133	36	10
133	37	34
133	38	35
133	39	92
134	12	115
134	13	83
134	14	472
134	15	556
134	16	1065
134	17	1062
134	18	407
134	19	603
134	24	6
134	25	5
134	26	4
134	27	20
134	29	20
134	30	12
134	31	19
134	32	1
134	33	51
134	34	5
134	35	11
134	36	14
134	37	32
134	38	37
134	39	92
135	12	89
135	13	76
135	14	382
135	15	488
135	16	803
135	17	672
135	18	273
135	19	383
135	20	1
135	24	7
135	25	6
135	26	3
135	27	14
135	28	2
135	29	20
135	30	15
135	31	13
135	32	1
135	33	40
135	34	3
135	35	5
135	36	12
135	37	42
135	38	20
135	39	90
135	40	1
136	12	96
136	13	68
136	14	422
136	15	498
136	16	815
136	17	845
136	18	326
136	19	437
136	20	2
136	24	9
136	25	4
136	26	3
136	27	16
136	28	4
136	29	18
136	30	18
136	31	14
136	32	3
136	33	41
136	34	7
136	35	15
136	36	10
136	37	30
136	38	41
136	39	81
137	12	101
137	13	80
137	14	398
137	15	461
137	16	804
137	17	707
137	18	272
137	19	386
137	20	1
137	24	10
137	25	6
137	26	6
137	27	17
137	28	3
137	29	9
137	30	8
137	31	10
137	32	2
137	33	37
137	34	5
137	35	6
137	36	12
137	37	30
137	38	23
137	39	85
138	12	101
138	13	82
138	14	414
138	15	470
138	16	816
138	17	735
138	18	285
138	19	369
138	24	12
138	25	4
138	26	4
138	27	7
138	28	2
138	29	14
138	30	17
138	31	12
138	32	1
138	33	26
138	34	8
138	35	10
138	36	4
138	37	24
138	38	34
138	39	85
138	40	1
139	12	99
139	13	66
139	14	406
139	15	473
139	16	797
139	17	672
139	18	252
139	19	359
139	20	1
139	24	9
139	25	4
139	26	3
139	27	12
139	28	2
139	29	11
139	30	14
139	31	12
139	32	4
139	33	31
139	34	3
139	35	13
139	36	9
139	37	33
139	38	35
139	39	81
140	12	106
140	13	54
140	14	371
140	15	492
140	16	772
140	17	743
140	18	254
140	19	325
140	24	13
140	25	3
140	26	3
140	27	9
140	28	2
140	29	10
140	30	19
140	31	7
140	32	1
140	33	25
140	34	6
140	35	9
140	36	10
140	37	19
140	38	23
140	39	93
141	12	102
141	13	59
141	14	397
141	15	462
141	16	785
141	17	703
141	18	268
141	19	349
141	24	6
141	25	2
141	26	1
141	27	14
141	28	2
141	29	11
141	30	14
141	31	5
141	32	3
141	33	28
141	34	7
141	35	11
141	36	10
141	37	25
141	38	24
141	39	78
142	12	90
142	13	73
142	14	376
142	15	520
142	16	773
142	17	766
142	18	296
142	19	390
142	24	10
142	25	5
142	26	5
142	27	11
142	28	1
142	29	19
142	30	11
142	31	7
142	33	38
142	34	1
142	35	6
142	36	12
142	37	27
142	38	37
142	39	99
143	12	89
143	13	59
143	14	400
143	15	513
143	16	736
143	17	636
143	18	269
143	19	307
143	24	8
143	25	7
143	26	4
143	27	10
143	28	1
143	29	9
143	30	12
143	31	6
143	32	1
143	33	18
143	34	3
143	35	6
143	36	6
143	37	27
143	38	36
143	39	72
144	12	114
144	13	90
144	14	524
144	15	648
144	16	1032
144	17	1097
144	18	391
144	19	569
144	24	8
144	25	5
144	26	4
144	27	16
144	28	3
144	29	22
144	30	25
144	31	8
144	33	38
144	34	6
144	35	12
144	36	8
144	37	39
144	38	41
144	39	80
145	12	77
145	13	73
145	14	432
145	15	486
145	16	955
145	17	1002
145	18	389
145	19	481
145	24	6
145	25	4
145	26	6
145	27	15
145	28	3
145	29	17
145	30	24
145	31	9
145	32	3
145	33	51
145	34	3
145	35	7
145	36	9
145	37	22
145	38	32
145	39	91
146	12	83
146	13	71
146	14	376
146	15	439
146	16	699
146	17	679
146	18	239
146	19	307
146	24	7
146	25	5
146	26	3
146	27	13
146	28	3
146	29	8
146	30	19
146	31	10
146	32	3
146	33	26
146	34	10
146	35	12
146	36	8
146	37	37
146	38	23
146	39	69
147	12	87
147	13	58
147	14	351
147	15	443
147	16	701
147	17	624
147	18	237
147	19	303
147	24	11
147	25	2
147	26	6
147	27	19
147	29	7
147	30	11
147	31	8
147	32	4
147	33	30
147	34	8
147	35	8
147	36	11
147	37	30
147	38	29
147	39	78
148	12	109
148	13	75
148	14	471
148	15	503
148	16	937
148	17	814
148	18	302
148	19	384
148	24	11
148	25	5
148	26	7
148	27	21
148	28	2
148	29	25
148	30	15
148	31	12
148	32	7
148	33	36
148	34	4
148	35	17
148	36	13
148	37	37
148	38	30
148	39	89
149	12	316
149	13	240
149	14	1575
149	15	1703
149	16	2934
149	17	2957
149	18	1226
149	19	1614
149	24	24
149	25	18
149	26	11
149	27	83
149	28	11
149	29	44
149	30	65
149	31	33
149	32	2
149	33	91
149	34	12
149	35	28
149	36	16
149	37	39
149	38	36
149	39	41
