pos	char	qual	count
0	A	12	4
0	A	13	15
0	A	14	51
0	A	15	35
0	A	16	119
0	A	17	93
0	A	18	96
0	A	19	81
0	A	20	58
0	A	21	2
0	A	24	2
0	A	26	6
0	A	27	18
0	A	28	5
0	A	29	21
0	A	30	37
0	A	31	43
0	A	32	47
0	A	33	223
0	A	34	65
0	A	35	157
0	A	36	200
0	A	37	826
0	A	38	1005
0	A	39	3571
0	A	40	18
0	C	16	2
0	C	17	1
0	C	18	2
0	C	19	1
0	C	33	1
0	C	37	1
0	G	15	3
0	G	16	4
0	G	18	5
0	G	19	2
0	G	20	1
0	G	32	2
0	G	34	1
0	T	14	3
0	T	15	1
0	T	16	3
0	T	17	2
0	T	19	3
0	T	20	1
0	T	36	1
1	A	12	2
1	A	15	5
1	A	16	4
1	A	17	3
1	A	19	1
1	A	20	1
1	C	18	2
1	G	13	14
1	G	14	78
1	G	15	104
1	G	16	199
1	G	17	140
1	G	18	205
1	G	19	114
1	G	20	79
1	G	21	1
1	G	24	1
1	G	25	1
1	G	26	2
1	G	27	14
1	G	28	6
1	G	29	27
1	G	30	70
1	G	31	27
1	G	32	60
1	G	33	335
1	G	34	57
1	G	35	147
1	G	36	311
1	G	37	977
1	G	38	1100
1	G	39	2716
1	G	40	5
1	T	15	2
1	T	16	4
1	T	17	3
1	T	18	5
1	T	19	10
1	T	20	3
1	T	21	1
1	T	33	1
1	T	36	1
2	A	13	8
2	A	14	66
2	A	15	70
2	A	16	182
2	A	17	93
2	A	18	145
2	A	19	74
2	A	20	62
2	A	21	1
2	A	24	2
2	A	25	5
2	A	26	4
2	A	27	23
2	A	28	13
2	A	29	21
2	A	30	62
2	A	31	29
2	A	32	44
2	A	33	284
2	A	34	64
2	A	35	128
2	A	36	208
2	A	37	848
2	A	38	1195
2	A	39	3152
2	A	40	6
2	C	14	1
2	C	16	4
2	C	18	5
2	G	12	1
2	G	14	1
2	G	16	1
2	G	17	6
2	G	18	3
2	G	37	1
2	T	15	4
2	T	16	5
2	T	17	8
2	T	18	1
2	T	19	3
2	T	20	3
2	T	29	1
2	T	32	1
3	A	13	4
3	A	15	12
3	A	16	7
3	A	17	3
3	A	18	13
3	A	19	4
3	A	20	4
3	A	26	1
3	A	29	1
3	A	30	1
3	A	31	1
3	A	39	3
3	C	13	1
3	C	14	4
3	C	15	4
3	C	16	3
3	C	17	2
3	C	18	7
3	C	20	4
3	C	30	1
3	G	13	1
3	G	14	1
3	G	15	2
3	G	16	4
3	G	17	5
3	G	18	4
3	G	19	1
3	G	31	1
3	T	13	2
3	T	14	9
3	T	15	44
3	T	16	106
3	T	17	105
3	T	18	141
3	T	19	129
3	T	20	110
3	T	21	3
3	T	24	2
3	T	25	3
3	T	26	6
3	T	27	26
3	T	28	11
3	T	29	20
3	T	30	30
3	T	31	48
3	T	32	32
3	T	33	323
3	T	34	19
3	T	35	185
3	T	36	154
3	T	37	824
3	T	38	931
3	T	39	3464
3	T	40	12
4	A	14	1
4	A	15	2
4	A	16	9
4	A	17	6
4	A	19	15
4	A	20	3
4	A	32	1
4	A	33	1
4	A	35	1
4	A	39	2
4	C	13	4
4	C	14	16
4	C	15	46
4	C	16	258
4	C	17	62
4	C	18	190
4	C	19	96
4	C	20	72
4	C	24	1
4	C	25	2
4	C	26	7
4	C	27	17
4	C	28	10
4	C	29	13
4	C	30	58
4	C	31	64
4	C	32	24
4	C	33	311
4	C	34	15
4	C	35	151
4	C	36	144
4	C	37	897
4	C	38	939
4	C	39	3362
4	C	40	8
4	G	15	3
4	G	16	4
4	G	17	4
4	G	18	4
4	G	19	1
4	G	20	4
4	G	30	1
4	T	16	3
4	T	19	3
4	T	20	1
4	T	21	1
4	T	39	1
5	A	16	6
5	A	18	11
5	A	19	1
5	C	16	1
5	C	18	10
5	C	32	1
5	C	37	1
5	G	12	3
5	G	13	40
5	G	14	457
5	G	15	21
5	G	16	318
5	G	17	36
5	G	18	22
5	G	19	9
5	G	20	2
5	G	24	3
5	G	25	7
5	G	26	8
5	G	27	50
5	G	28	1
5	G	29	51
5	G	30	192
5	G	31	3
5	G	32	316
5	G	33	46
5	G	34	186
5	G	35	7
5	G	36	708
5	G	37	501
5	G	38	951
5	G	39	2840
5	T	16	1
5	T	17	17
5	T	19	6
5	T	20	5
6	A	13	5
6	A	14	15
6	A	16	5
6	A	17	1
6	A	29	1
6	A	35	1
6	A	36	1
6	A	37	1
6	A	38	3
6	C	14	4
6	C	16	6
6	G	12	9
6	G	13	79
6	G	14	577
6	G	15	43
6	G	16	362
6	G	17	39
6	G	18	18
6	G	19	6
6	G	20	5
6	G	24	1
6	G	25	5
6	G	26	1
6	G	27	47
6	G	29	72
6	G	30	473
6	G	31	5
6	G	32	230
6	G	33	51
6	G	34	340
6	G	35	366
6	G	36	861
6	G	37	451
6	G	38	2729
6	G	39	2
6	T	14	1
6	T	15	3
6	T	17	15
6	T	30	1
6	T	33	2
6	T	37	1
7	A	12	3
7	A	13	46
7	A	14	423
7	A	15	33
7	A	16	312
7	A	17	45
7	A	18	19
7	A	19	2
7	A	20	3
7	A	24	4
7	A	25	8
7	A	26	5
7	A	27	63
7	A	28	2
7	A	29	96
7	A	30	421
7	A	31	5
7	A	32	280
7	A	33	76
7	A	34	141
7	A	35	358
7	A	36	1172
7	A	37	525
7	A	38	2533
7	A	39	5
7	C	14	11
7	C	15	2
7	C	16	1
7	C	18	1
7	C	27	1
7	C	30	1
7	C	31	1
7	G	14	18
7	G	15	7
7	G	16	4
7	G	17	4
7	G	18	2
7	G	27	1
7	G	30	1
7	G	32	1
7	G	37	2
7	G	38	2
7	T	13	1
7	T	14	23
7	T	16	14
7	T	17	2
7	T	18	1
7	T	19	1
7	T	20	1
7	T	29	1
7	T	30	4
7	T	31	2
7	T	32	4
7	T	33	2
8	A	12	3
8	A	13	47
8	A	14	324
8	A	15	14
8	A	16	194
8	A	17	28
8	A	18	13
8	A	19	4
8	A	20	7
8	A	24	3
8	A	25	7
8	A	26	4
8	A	27	43
8	A	28	1
8	A	29	35
8	A	30	229
8	A	31	5
8	A	32	206
8	A	33	57
8	A	34	198
8	A	35	4
8	A	36	556
8	A	37	1569
8	A	38	2888
8	A	39	6
8	C	14	12
8	C	15	4
8	C	16	6
8	C	18	3
8	C	19	1
8	C	29	1
8	G	14	19
8	G	15	11
8	G	16	7
8	G	17	1
8	G	18	2
8	G	19	1
8	G	20	1
8	G	31	1
8	G	32	2
8	G	34	1
8	G	36	3
8	G	37	1
8	G	38	4
8	T	14	16
8	T	15	1
8	T	16	14
8	T	17	1
8	T	18	1
8	T	20	2
8	T	30	1
8	T	36	1
9	A	12	23
9	A	14	33
9	A	15	5
9	A	16	2
9	A	18	1
9	A	19	1
9	A	20	1
9	A	29	1
9	A	30	1
9	A	32	1
9	A	33	2
9	A	34	3
9	A	36	1
9	A	37	1
9	A	38	9
9	C	12	1
9	C	14	12
9	C	15	8
9	C	18	1
9	C	29	1
9	G	12	2
9	G	13	91
9	G	14	498
9	G	15	35
9	G	16	212
9	G	17	19
9	G	18	7
9	G	19	2
9	G	20	1
9	G	24	1
9	G	25	7
9	G	26	1
9	G	27	57
9	G	29	86
9	G	30	369
9	G	31	3
9	G	32	237
9	G	33	47
9	G	34	183
9	G	35	336
9	G	36	950
9	G	37	456
9	G	38	2690
9	G	39	3
9	T	13	2
9	T	14	21
9	T	15	2
9	T	16	15
9	T	17	3
9	T	18	1
9	T	20	2
9	T	29	1
9	T	31	2
9	T	36	1
10	A	13	51
10	A	14	29
10	A	15	429
10	A	16	234
10	A	17	26
10	A	18	18
10	A	19	8
10	A	20	6
10	A	24	1
10	A	25	3
10	A	26	3
10	A	27	49
10	A	28	6
10	A	29	24
10	A	30	68
10	A	31	14
10	A	32	279
10	A	33	158
10	A	34	200
10	A	35	3
10	A	36	204
10	A	37	974
10	A	38	869
10	A	39	2547
10	C	14	9
10	C	15	1
10	C	16	10
10	C	17	3
10	C	18	6
10	C	33	1
10	C	38	1
10	C	39	1
10	G	13	8
10	G	14	7
10	G	15	1
10	G	16	6
10	G	17	1
10	G	25	1
10	G	30	3
10	G	32	1
10	G	35	1
10	G	36	5
10	G	37	3
10	G	38	5
10	G	39	5
10	T	14	7
10	T	15	4
10	T	16	13
10	T	17	1
10	T	18	13
10	T	19	3
10	T	20	2
10	T	27	2
10	T	29	2
10	T	30	2
10	T	31	1
10	T	33	3
11	A	12	1
11	A	13	3
11	A	14	3
11	A	15	9
11	A	16	3
11	A	18	6
11	A	19	5
11	A	33	1
11	A	38	1
11	A	39	5
11	C	14	3
11	C	15	5
11	C	16	4
11	C	17	4
11	C	18	7
11	C	19	3
11	C	29	1
11	C	32	3
11	C	33	2
11	C	36	1
11	C	37	2
11	C	38	3
11	C	39	7
11	G	13	38
11	G	14	43
11	G	15	403
11	G	16	243
11	G	17	26
11	G	18	30
11	G	19	5
11	G	20	5
11	G	24	5
11	G	25	8
11	G	26	1
11	G	27	43
11	G	28	7
11	G	29	28
11	G	30	83
11	G	31	7
11	G	32	222
11	G	33	147
11	G	34	190
11	G	35	2
11	G	36	165
11	G	37	905
11	G	38	889
11	G	39	2605
11	T	14	2
11	T	15	2
11	T	16	9
11	T	17	4
11	T	18	6
11	T	19	9
11	T	20	3
11	T	30	1
11	T	37	1
12	A	13	1
12	A	14	2
12	A	15	13
12	A	16	3
12	A	17	15
12	A	18	4
12	A	19	2
12	A	20	1
12	A	24	1
12	A	30	1
12	A	37	1
12	A	38	1
12	A	39	1
12	C	12	5
12	C	13	12
12	C	14	84
12	C	15	332
12	C	16	74
12	C	17	430
12	C	18	20
12	C	19	18
12	C	20	12
12	C	24	2
12	C	25	1
12	C	26	1
12	C	27	29
12	C	28	2
12	C	29	19
12	C	30	48
12	C	31	13
12	C	32	30
12	C	33	387
12	C	34	158
12	C	35	2
12	C	36	278
12	C	37	923
12	C	38	895
12	C	39	2172
12	G	12	1
12	G	13	10
12	G	14	20
12	G	15	3
12	G	16	5
12	G	17	1
12	G	18	3
12	G	19	1
12	G	29	1
12	G	30	1
12	G	31	1
12	G	36	4
12	G	38	11
12	G	39	4
12	T	14	4
12	T	15	3
12	T	16	12
12	T	17	3
12	T	18	4
12	T	19	8
12	T	20	6
12	T	24	1
12	T	27	1
12	T	29	1
12	T	30	1
12	T	32	1
12	T	33	2
12	T	35	2
12	T	36	1
12	T	37	1
13	A	12	1
13	A	14	3
13	A	15	1
13	A	16	2
13	A	17	5
13	A	18	5
13	A	19	1
13	A	33	1
13	A	39	2
13	C	13	2
13	C	14	2
13	C	15	4
13	C	16	8
13	C	17	2
13	C	18	1
13	C	30	1
13	C	37	2
13	C	38	2
13	G	12	46
13	G	13	13
13	G	14	486
13	G	15	78
13	G	16	25
13	G	17	20
13	G	18	6
13	G	19	1
13	G	20	3
13	G	24	5
13	G	25	5
13	G	26	4
13	G	27	115
13	G	29	211
13	G	30	160
13	G	31	160
13	G	32	93
13	G	33	51
13	G	34	361
13	G	35	38
13	G	36	1037
13	G	37	332
13	G	38	2667
13	T	14	1
13	T	15	3
13	T	16	9
13	T	17	5
13	T	18	4
13	T	19	6
13	T	20	1
13	T	29	1
13	T	36	8
13	T	37	4
13	T	38	5
14	A	12	2
14	A	13	4
14	A	14	57
14	A	15	8
14	A	16	5
14	A	17	3
14	A	18	2
14	A	19	1
14	A	27	4
14	A	29	5
14	A	31	1
14	A	32	1
14	A	33	2
14	A	36	1
14	A	38	4
14	C	12	9
14	C	13	1
14	C	14	39
14	C	15	5
14	C	16	7
14	C	17	3
14	C	18	2
14	C	19	2
14	C	20	2
14	C	27	1
14	C	29	2
14	C	30	3
14	C	31	2
14	C	32	1
14	C	34	1
14	C	35	2
14	C	36	7
14	C	38	5
14	C	39	1
14	G	12	11
14	G	13	2
14	G	14	39
14	G	15	3
14	G	16	2
14	G	17	2
14	G	18	3
14	G	19	1
14	G	26	2
14	G	27	2
14	G	29	4
14	G	30	2
14	G	36	2
14	G	38	3
14	T	12	2
14	T	13	47
14	T	14	342
14	T	15	17
14	T	16	199
14	T	17	23
14	T	18	9
14	T	19	2
14	T	20	1
14	T	24	5
14	T	25	4
14	T	26	5
14	T	27	114
14	T	28	1
14	T	29	140
14	T	30	447
14	T	31	6
14	T	32	236
14	T	33	128
14	T	34	85
14	T	35	112
14	T	36	1503
14	T	37	691
14	T	38	1513
14	T	39	7
15	A	13	4
15	A	14	14
15	A	15	6
15	A	16	7
15	A	18	4
15	A	19	3
15	A	20	1
15	A	29	2
15	A	33	1
15	A	36	2
15	A	37	2
15	A	38	1
15	C	12	24
15	C	13	41
15	C	14	410
15	C	15	20
15	C	16	156
15	C	17	36
15	C	18	20
15	C	19	2
15	C	20	2
15	C	24	2
15	C	25	10
15	C	26	3
15	C	27	99
15	C	28	2
15	C	29	123
15	C	30	294
15	C	31	2
15	C	32	222
15	C	33	66
15	C	34	123
15	C	35	220
15	C	36	1154
15	C	37	581
15	C	38	2041
15	C	39	9
15	G	12	1
15	G	13	3
15	G	14	21
15	G	15	1
15	G	16	7
15	G	17	4
15	G	18	5
15	G	20	1
15	G	29	3
15	G	30	3
15	G	31	1
15	G	34	1
15	G	35	1
15	G	36	4
15	G	37	3
15	G	38	9
15	T	12	1
15	T	13	5
15	T	14	18
15	T	15	4
15	T	16	3
15	T	17	8
15	T	18	3
15	T	30	2
15	T	31	1
15	T	32	1
15	T	33	3
15	T	36	5
15	T	38	1
16	A	14	11
16	A	16	5
16	A	17	3
16	A	18	3
16	A	19	1
16	A	30	1
16	A	33	1
16	A	35	1
16	C	12	1
16	C	13	1
16	C	14	5
16	C	15	1
16	C	36	1
16	C	38	1
16	G	12	78
16	G	13	4
16	G	14	444
16	G	15	49
16	G	16	9
16	G	17	14
16	G	18	5
16	G	19	1
16	G	24	5
16	G	25	7
16	G	26	8
16	G	27	139
16	G	29	270
16	G	30	99
16	G	31	145
16	G	32	88
16	G	33	58
16	G	34	351
16	G	35	68
16	G	36	1290
16	G	37	392
16	G	38	2115
16	T	12	1
16	T	14	17
16	T	15	4
16	T	16	3
16	T	17	2
16	T	18	3
16	T	19	1
16	T	20	1
16	T	27	1
16	T	29	2
16	T	31	1
16	T	33	1
16	T	34	2
16	T	35	1
16	T	36	7
16	T	37	1
16	T	38	3
17	A	12	8
17	A	13	2
17	A	14	60
17	A	15	5
17	A	16	7
17	A	17	3
17	A	18	1
17	A	28	1
17	A	30	2
17	A	32	1
17	A	33	4
17	A	34	1
17	A	38	1
17	C	14	38
17	C	15	8
17	C	16	6
17	C	17	1
17	C	20	1
17	C	24	1
17	C	29	3
17	C	30	3
17	C	31	2
17	C	38	1
17	G	12	33
17	G	13	2
17	G	14	54
17	G	15	2
17	G	16	3
17	G	17	1
17	G	18	2
17	G	25	1
17	G	26	1
17	G	27	3
17	G	28	1
17	G	29	1
17	G	30	3
17	G	31	1
17	G	32	1
17	G	34	1
17	G	35	1
17	G	36	9
17	G	37	3
17	G	38	8
17	G	39	1
17	T	12	81
17	T	13	6
17	T	14	645
17	T	15	58
17	T	16	10
17	T	17	6
17	T	18	2
17	T	19	2
17	T	24	4
17	T	25	7
17	T	26	8
17	T	27	272
17	T	29	698
17	T	30	76
17	T	31	200
17	T	32	95
17	T	33	127
17	T	34	210
17	T	35	75
17	T	36	1855
17	T	37	253
17	T	38	638
17	T	39	2
18	A	13	1
18	A	14	6
18	A	15	1
18	A	16	3
18	A	17	2
18	A	18	1
18	A	19	4
18	A	20	1
18	A	32	1
18	A	37	1
18	A	39	3
18	C	14	10
18	C	15	2
18	C	16	4
18	C	18	2
18	C	19	3
18	C	29	2
18	G	12	35
18	G	13	41
18	G	14	418
18	G	15	18
18	G	16	91
18	G	17	11
18	G	18	10
18	G	19	2
18	G	24	5
18	G	25	12
18	G	26	12
18	G	27	111
18	G	28	1
18	G	29	128
18	G	30	373
18	G	31	2
18	G	32	228
18	G	33	82
18	G	34	165
18	G	35	220
18	G	36	1691
18	G	37	754
18	G	38	1012
18	G	39	5
18	T	13	4
18	T	14	10
18	T	15	1
18	T	16	6
18	T	17	2
18	T	19	4
18	T	28	2
18	T	29	1
18	T	30	3
18	T	33	1
18	T	36	5
18	T	37	1
18	T	38	13
18	T	39	3
19	A	12	9
19	A	13	8
19	A	14	19
19	A	15	14
19	A	16	8
19	A	17	6
19	A	18	17
19	A	19	7
19	A	24	1
19	A	27	1
19	A	29	1
19	A	30	2
19	A	33	2
19	A	34	1
19	A	36	1
19	A	37	7
19	A	38	8
19	A	39	7
19	C	12	3
19	C	13	1
19	C	14	32
19	C	15	1
19	C	16	14
19	C	17	1
19	C	18	3
19	C	19	1
19	C	20	1
19	C	29	3
19	C	30	4
19	C	32	1
19	C	33	3
19	G	12	10
19	G	13	6
19	G	14	43
19	G	15	1
19	G	16	12
19	G	17	1
19	G	27	1
19	G	29	2
19	G	31	1
19	G	32	1
19	G	33	1
19	G	35	1
19	G	36	5
19	G	37	1
19	G	38	1
19	G	39	1
19	T	12	3
19	T	13	61
19	T	14	376
19	T	15	20
19	T	16	120
19	T	17	25
19	T	18	12
19	T	19	4
19	T	20	1
19	T	24	4
19	T	25	12
19	T	26	7
19	T	27	87
19	T	28	9
19	T	29	56
19	T	30	817
19	T	31	6
19	T	32	77
19	T	33	147
19	T	34	157
19	T	35	1
19	T	36	224
19	T	37	906
19	T	38	1174
19	T	39	824
20	A	12	24
20	A	13	19
20	A	14	106
20	A	15	206
20	A	16	43
20	A	17	259
20	A	18	7
20	A	19	7
20	A	20	3
20	A	24	5
20	A	25	9
20	A	26	7
20	A	27	63
20	A	28	6
20	A	29	51
20	A	30	147
20	A	31	25
20	A	32	19
20	A	33	335
20	A	34	199
20	A	35	7
20	A	36	139
20	A	37	891
20	A	38	1097
20	A	39	1440
20	C	14	14
20	C	15	5
20	C	16	4
20	C	17	9
20	C	18	2
20	C	24	1
20	C	27	1
20	C	30	1
20	C	37	1
20	G	12	6
20	G	13	9
20	G	14	31
20	G	15	3
20	G	16	5
20	G	17	1
20	G	18	1
20	G	19	2
20	G	24	1
20	G	29	3
20	G	30	2
20	G	32	1
20	G	33	2
20	G	34	1
20	G	35	1
20	G	36	2
20	G	37	12
20	G	38	11
20	G	39	10
20	T	13	1
20	T	14	9
20	T	15	15
20	T	16	5
20	T	17	3
20	T	18	1
20	T	19	5
20	T	27	1
20	T	30	2
20	T	33	2
20	T	38	1
20	T	39	1
21	A	14	2
21	A	15	1
21	A	16	2
21	A	17	5
21	A	18	3
21	A	19	3
21	A	20	1
21	A	29	1
21	A	30	3
21	A	33	1
21	A	35	1
21	A	37	1
21	A	39	2
21	C	14	3
21	C	16	3
21	C	17	2
21	C	18	5
21	C	19	3
21	C	20	1
21	C	30	1
21	G	12	7
21	G	13	11
21	G	14	85
21	G	15	24
21	G	16	200
21	G	17	24
21	G	18	220
21	G	19	6
21	G	20	36
21	G	24	9
21	G	25	9
21	G	26	21
21	G	27	48
21	G	28	14
21	G	29	46
21	G	30	95
21	G	31	48
21	G	32	18
21	G	33	306
21	G	34	7
21	G	35	218
21	G	36	144
21	G	37	894
21	G	38	939
21	G	39	1695
21	T	14	2
21	T	15	4
21	T	16	6
21	T	17	13
21	T	18	2
21	T	19	8
21	T	29	1
21	T	31	3
21	T	33	2
22	A	14	3
22	A	16	4
22	A	17	2
22	A	18	3
22	A	19	4
22	A	20	1
22	A	30	1
22	A	31	2
22	A	33	2
22	A	37	6
22	A	38	1
22	A	39	1
22	C	14	3
22	C	15	1
22	C	17	1
22	C	18	1
22	C	19	3
22	G	12	4
22	G	13	21
22	G	14	95
22	G	15	36
22	G	16	262
22	G	17	66
22	G	18	287
22	G	19	5
22	G	24	4
22	G	25	7
22	G	26	3
22	G	27	47
22	G	28	2
22	G	29	24
22	G	30	70
22	G	31	31
22	G	32	23
22	G	33	356
22	G	34	28
22	G	35	160
22	G	36	177
22	G	37	814
22	G	38	777
22	G	39	1739
22	T	14	3
22	T	15	2
22	T	16	4
22	T	17	14
22	T	18	1
22	T	19	7
22	T	20	2
22	T	29	2
22	T	31	1
22	T	33	1
22	T	38	1
23	A	13	1
23	A	14	5
23	A	15	5
23	A	16	5
23	A	17	1
23	A	18	6
23	A	19	3
23	A	31	1
23	A	33	8
23	A	34	2
23	A	35	1
23	A	36	3
23	A	37	11
23	A	38	8
23	A	39	16
23	C	14	5
23	C	16	1
23	C	17	1
23	C	18	1
23	C	20	1
23	G	12	22
23	G	13	49
23	G	14	470
23	G	15	30
23	G	16	105
23	G	17	8
23	G	18	9
23	G	19	2
23	G	24	2
23	G	25	10
23	G	26	2
23	G	27	45
23	G	29	25
23	G	30	145
23	G	31	9
23	G	32	254
23	G	33	24
23	G	34	152
23	G	35	4
23	G	36	632
23	G	37	1018
23	G	38	1886
23	G	39	4
23	T	14	6
23	T	15	2
23	T	16	9
23	T	17	2
23	T	18	10
23	T	19	4
23	T	20	1
23	T	27	1
23	T	29	2
23	T	30	1
23	T	37	1
24	A	12	7
24	A	13	19
24	A	14	94
24	A	15	257
24	A	16	30
24	A	17	125
24	A	18	355
24	A	19	6
24	A	20	2
24	A	24	5
24	A	25	5
24	A	26	5
24	A	27	50
24	A	28	5
24	A	29	22
24	A	30	123
24	A	31	22
24	A	32	16
24	A	33	459
24	A	34	222
24	A	35	4
24	A	36	148
24	A	37	931
24	A	38	858
24	A	39	1029
24	C	14	5
24	C	15	14
24	C	16	4
24	C	17	10
24	C	18	1
24	C	19	3
24	C	30	3
24	C	31	3
24	G	12	2
24	G	13	1
24	G	14	20
24	G	16	6
24	G	17	1
24	G	18	4
24	G	19	2
24	G	27	1
24	G	29	1
24	G	30	1
24	G	36	1
24	G	37	1
24	G	38	3
24	T	12	1
24	T	14	11
24	T	15	16
24	T	16	3
24	T	17	7
24	T	18	15
24	T	19	2
24	T	27	1
24	T	29	2
24	T	30	7
24	T	31	1
24	T	33	3
24	T	38	1
25	A	12	2
25	A	13	33
25	A	14	35
25	A	15	401
25	A	16	148
25	A	17	15
25	A	18	15
25	A	19	7
25	A	20	2
25	A	24	6
25	A	25	7
25	A	26	6
25	A	27	56
25	A	28	2
25	A	29	32
25	A	30	122
25	A	31	16
25	A	32	164
25	A	33	219
25	A	34	212
25	A	35	5
25	A	36	128
25	A	37	883
25	A	38	926
25	A	39	1270
25	C	13	1
25	C	14	17
25	C	15	4
25	C	16	11
25	C	17	2
25	C	18	5
25	C	19	1
25	C	27	3
25	C	30	3
25	C	33	2
25	G	13	2
25	G	14	21
25	G	15	3
25	G	16	6
25	G	18	1
25	G	27	1
25	G	30	1
25	G	32	1
25	G	36	1
25	G	37	1
25	G	38	3
25	G	39	4
25	T	14	10
25	T	15	12
25	T	16	4
25	T	17	12
25	T	18	4
25	T	19	1
25	T	27	1
25	T	29	2
25	T	30	2
25	T	33	2
25	T	38	1
26	A	13	68
26	A	14	359
26	A	15	22
26	A	16	96
26	A	17	10
26	A	18	11
26	A	19	6
26	A	24	11
26	A	25	6
26	A	26	2
26	A	27	53
26	A	28	2
26	A	29	28
26	A	30	216
26	A	31	2
26	A	32	180
26	A	33	48
26	A	34	176
26	A	35	6
26	A	36	437
26	A	37	455
26	A	38	762
26	A	39	1655
26	C	13	1
26	C	14	16
26	C	15	3
26	C	16	6
26	C	17	1
26	C	18	5
26	C	19	1
26	C	29	1
26	G	13	7
26	G	14	12
26	G	15	2
26	G	16	5
26	G	18	6
26	G	27	2
26	G	29	1
26	G	30	5
26	G	32	1
26	G	33	1
26	G	34	3
26	G	35	2
26	G	36	6
26	G	37	9
26	G	38	14
26	G	39	16
26	T	14	6
26	T	15	6
26	T	16	3
26	T	17	9
26	T	18	4
26	T	19	2
26	T	27	1
26	T	30	1
26	T	38	1
26	T	39	1
27	A	12	1
27	A	13	2
27	A	14	10
27	A	15	10
27	A	16	5
27	A	17	5
27	A	18	2
27	A	19	2
27	A	24	1
27	A	30	2
27	A	31	1
27	A	32	1
27	A	33	3
27	A	34	3
27	A	37	15
27	A	38	12
27	A	39	26
27	C	14	1
27	C	15	3
27	C	16	1
27	C	17	2
27	C	18	3
27	C	19	1
27	G	12	2
27	G	13	59
27	G	14	61
27	G	15	311
27	G	16	93
27	G	17	13
27	G	18	22
27	G	19	3
27	G	24	3
27	G	25	3
27	G	26	7
27	G	27	48
27	G	29	26
27	G	30	76
27	G	31	20
27	G	32	136
27	G	33	134
27	G	34	164
27	G	35	4
27	G	36	129
27	G	37	845
27	G	38	836
27	G	39	1543
27	T	16	10
27	T	17	3
27	T	18	2
27	T	19	5
27	T	32	1
27	T	33	1
27	T	36	1
28	A	12	1
28	A	13	19
28	A	14	77
28	A	15	241
28	A	16	40
28	A	17	131
28	A	18	283
28	A	19	13
28	A	24	3
28	A	25	4
28	A	26	2
28	A	27	38
28	A	28	3
28	A	29	16
28	A	30	87
28	A	31	13
28	A	32	11
28	A	33	293
28	A	34	139
28	A	35	9
28	A	36	147
28	A	37	731
28	A	38	648
28	A	39	1357
28	C	12	1
28	C	14	6
28	C	15	5
28	C	16	6
28	C	17	4
28	C	18	6
28	C	19	1
28	C	30	1
28	C	33	1
28	G	13	13
28	G	14	7
28	G	15	21
28	G	16	8
28	G	17	2
28	G	18	1
28	G	19	2
28	G	24	1
28	G	25	1
28	G	27	4
28	G	30	3
28	G	31	2
28	G	33	4
28	G	36	4
28	G	37	11
28	G	38	12
28	G	39	38
28	T	14	2
28	T	15	4
28	T	16	15
28	T	17	9
28	T	18	3
28	T	19	12
28	T	20	1
28	T	30	2
28	T	31	2
28	T	32	1
28	T	33	1
28	T	35	1
28	T	37	4
28	T	38	2
29	A	12	2
29	A	13	2
29	A	14	4
29	A	15	4
29	A	16	6
29	A	17	1
29	A	18	4
29	A	19	1
29	A	30	1
29	A	32	1
29	A	33	1
29	A	36	1
29	A	37	1
29	A	39	1
29	C	14	4
29	C	15	4
29	C	16	1
29	C	17	4
29	C	18	3
29	C	19	1
29	G	12	5
29	G	13	22
29	G	14	58
29	G	15	182
29	G	16	43
29	G	17	131
29	G	18	16
29	G	19	7
29	G	20	2
29	G	24	1
29	G	25	10
29	G	26	10
29	G	27	62
29	G	28	3
29	G	29	39
29	G	30	74
29	G	31	7
29	G	32	13
29	G	33	236
29	G	34	117
29	G	35	3
29	G	36	104
29	G	37	652
29	G	38	783
29	G	39	1622
29	T	13	1
29	T	15	3
29	T	16	12
29	T	17	7
29	T	18	11
29	T	19	8
29	T	26	1
29	T	27	2
29	T	29	1
29	T	30	4
29	T	31	7
29	T	33	10
29	T	35	5
29	T	36	3
29	T	37	8
29	T	38	9
29	T	39	5
30	A	13	8
30	A	14	14
30	A	15	51
30	A	16	5
30	A	17	30
30	A	18	4
30	A	19	4
30	A	28	1
30	A	29	1
30	A	30	1
30	A	31	1
30	A	33	5
30	A	36	1
30	C	13	1
30	C	14	10
30	C	15	17
30	C	16	2
30	C	17	22
30	C	18	8
30	C	29	2
30	C	30	1
30	C	36	1
30	C	38	1
30	G	12	7
30	G	13	33
30	G	14	64
30	G	15	8
30	G	16	9
30	G	17	2
30	G	18	7
30	G	24	1
30	G	25	1
30	G	27	9
30	G	29	2
30	G	30	5
30	G	31	2
30	G	32	1
30	G	33	13
30	G	34	1
30	G	35	4
30	G	36	1
30	G	37	15
30	G	38	16
30	G	39	7
30	T	13	4
30	T	14	18
30	T	15	39
30	T	16	203
30	T	17	58
30	T	18	69
30	T	19	318
30	T	20	35
30	T	24	2
30	T	25	5
30	T	26	3
30	T	27	30
30	T	28	21
30	T	29	46
30	T	30	166
30	T	31	106
30	T	32	15
30	T	33	547
30	T	34	5
30	T	35	237
30	T	36	109
30	T	37	762
30	T	38	639
30	T	39	355
31	A	12	1
31	A	13	3
31	A	14	1
31	A	15	4
31	A	16	3
31	A	17	1
31	A	18	1
31	A	19	1
31	A	33	1
31	A	37	3
31	A	38	4
31	A	39	5
31	C	14	3
31	C	15	2
31	C	16	3
31	C	17	4
31	C	18	1
31	C	19	2
31	C	20	1
31	G	12	16
31	G	13	38
31	G	14	101
31	G	15	31
31	G	16	167
31	G	17	25
31	G	18	163
31	G	19	5
31	G	20	20
31	G	24	4
31	G	25	2
31	G	26	10
31	G	27	70
31	G	28	16
31	G	29	50
31	G	30	130
31	G	31	77
31	G	32	11
31	G	33	338
31	G	34	4
31	G	35	156
31	G	36	102
31	G	37	906
31	G	38	996
31	G	39	493
31	T	14	6
31	T	15	4
31	T	16	6
31	T	17	3
31	T	18	3
31	T	19	6
31	T	27	3
31	T	28	1
31	T	29	1
31	T	30	4
31	T	31	2
31	T	33	10
31	T	35	2
31	T	36	1
31	T	37	19
31	T	38	13
31	T	39	5
32	A	12	6
32	A	13	14
32	A	14	18
32	A	15	8
32	A	16	29
32	A	17	6
32	A	18	10
32	A	19	3
32	A	20	3
32	A	24	1
32	A	25	1
32	A	26	1
32	A	27	1
32	A	28	1
32	A	29	1
32	A	30	3
32	A	31	1
32	A	33	3
32	A	35	5
32	A	36	1
32	A	37	14
32	A	38	14
32	A	39	22
32	C	13	3
32	C	14	16
32	C	15	3
32	C	16	13
32	C	17	3
32	C	18	3
32	C	19	14
32	C	20	2
32	C	27	1
32	C	30	5
32	C	33	2
32	G	12	4
32	G	13	10
32	G	14	27
32	G	15	4
32	G	16	4
32	G	17	1
32	G	18	2
32	G	24	1
32	G	30	3
32	G	35	1
32	G	36	1
32	G	37	5
32	G	38	5
32	G	39	4
32	T	12	6
32	T	13	16
32	T	14	40
32	T	15	34
32	T	16	166
32	T	17	38
32	T	18	46
32	T	19	192
32	T	20	19
32	T	24	4
32	T	25	5
32	T	26	5
32	T	27	39
32	T	28	13
32	T	29	64
32	T	30	149
32	T	31	89
32	T	32	15
32	T	33	466
32	T	34	2
32	T	35	212
32	T	36	75
32	T	37	747
32	T	38	755
32	T	39	478
33	A	12	3
33	A	13	10
33	A	14	43
33	A	15	41
33	A	16	51
33	A	17	116
33	A	18	34
33	A	19	93
33	A	20	13
33	A	24	7
33	A	25	6
33	A	26	7
33	A	27	42
33	A	28	21
33	A	29	42
33	A	30	83
33	A	31	76
33	A	32	9
33	A	33	285
33	A	34	7
33	A	35	143
33	A	36	74
33	A	37	743
33	A	38	725
33	A	39	1103
33	C	13	2
33	C	14	3
33	C	15	1
33	C	16	2
33	C	17	2
33	C	18	3
33	C	19	1
33	C	29	1
33	C	30	1
33	G	12	1
33	G	13	1
33	G	14	13
33	G	15	5
33	G	16	6
33	G	17	3
33	G	18	4
33	G	19	1
33	G	29	1
33	G	31	1
33	G	33	2
33	G	34	1
33	G	35	6
33	G	36	1
33	G	37	10
33	G	38	8
33	G	39	23
33	T	14	4
33	T	15	1
33	T	16	3
33	T	17	6
33	T	18	1
33	T	19	4
33	T	20	1
33	T	30	2
33	T	31	1
33	T	38	3
33	T	39	1
34	A	12	1
34	A	13	2
34	A	14	11
34	A	15	4
34	A	16	10
34	A	17	5
34	A	18	3
34	A	19	5
34	A	27	1
34	A	28	1
34	A	29	1
34	A	31	2
34	A	33	2
34	A	35	2
34	A	36	4
34	A	37	12
34	A	38	10
34	A	39	24
34	C	14	2
34	C	15	2
34	C	16	2
34	C	18	2
34	C	19	5
34	G	12	8
34	G	13	32
34	G	14	77
34	G	15	38
34	G	16	192
34	G	17	21
34	G	18	194
34	G	19	6
34	G	20	25
34	G	24	9
34	G	25	4
34	G	26	7
34	G	27	23
34	G	28	7
34	G	29	40
34	G	30	49
34	G	31	35
34	G	32	7
34	G	33	205
34	G	34	3
34	G	35	151
34	G	36	90
34	G	37	654
34	G	38	596
34	G	39	1195
34	T	13	1
34	T	14	2
34	T	15	3
34	T	16	3
34	T	17	5
34	T	18	4
34	T	19	9
34	T	20	1
34	T	33	1
34	T	37	2
34	T	38	4
34	T	39	5
35	A	12	3
35	A	13	8
35	A	14	34
35	A	15	40
35	A	16	61
35	A	17	133
35	A	18	41
35	A	19	126
35	A	20	16
35	A	24	5
35	A	25	5
35	A	26	9
35	A	27	25
35	A	28	13
35	A	29	20
35	A	30	38
35	A	31	36
35	A	32	5
35	A	33	224
35	A	34	9
35	A	35	97
35	A	36	108
35	A	37	586
35	A	38	517
35	A	39	1420
35	A	40	2
35	C	14	5
35	C	15	2
35	C	16	5
35	C	17	2
35	C	18	3
35	C	19	4
35	C	27	1
35	C	30	3
35	C	33	2
35	C	35	1
35	C	37	3
35	C	38	3
35	C	39	4
35	G	13	1
35	G	14	10
35	G	15	2
35	G	16	5
35	G	17	2
35	G	18	4
35	G	19	1
35	G	24	1
35	G	29	2
35	G	31	1
35	G	33	1
35	G	36	1
35	G	38	2
35	G	39	1
35	T	14	3
35	T	15	3
35	T	16	6
35	T	17	12
35	T	18	2
35	T	19	9
35	T	24	2
35	T	26	1
35	T	27	1
35	T	28	1
35	T	30	3
35	T	31	1
35	T	33	2
35	T	36	1
35	T	37	12
35	T	38	10
35	T	39	18
36	A	12	2
36	A	13	3
36	A	14	6
36	A	15	8
36	A	16	5
36	A	17	6
36	A	18	5
36	A	19	5
36	A	24	1
36	A	27	3
36	A	29	1
36	A	30	1
36	A	31	1
36	A	33	1
36	A	37	1
36	A	38	1
36	A	39	4
36	C	13	1
36	C	14	6
36	C	15	4
36	C	16	1
36	C	17	1
36	C	18	4
36	C	19	4
36	C	28	1
36	C	29	2
36	C	30	1
36	C	31	2
36	C	33	4
36	C	34	3
36	C	35	2
36	C	36	3
36	C	37	14
36	C	38	7
36	C	39	16
36	G	12	3
36	G	13	4
36	G	14	15
36	G	15	5
36	G	16	8
36	G	17	2
36	G	18	7
36	G	19	1
36	G	29	1
36	G	30	1
36	G	33	2
36	T	13	1
36	T	14	14
36	T	15	40
36	T	16	72
36	T	17	147
36	T	18	56
36	T	19	129
36	T	20	13
36	T	24	7
36	T	25	4
36	T	26	10
36	T	27	18
36	T	28	14
36	T	29	23
36	T	30	33
36	T	31	36
36	T	32	1
36	T	33	233
36	T	34	8
36	T	35	127
36	T	36	114
36	T	37	651
36	T	38	506
36	T	39	1230
37	A	12	1
37	A	14	3
37	A	15	9
37	A	16	9
37	A	17	7
37	A	18	3
37	A	19	8
37	A	25	1
37	A	28	1
37	A	33	1
37	A	35	1
37	A	38	1
37	C	12	1
37	C	13	7
37	C	14	22
37	C	15	34
37	C	16	189
37	C	17	27
37	C	18	60
37	C	19	131
37	C	20	18
37	C	24	1
37	C	25	4
37	C	26	7
37	C	27	28
37	C	28	7
37	C	29	25
37	C	30	42
37	C	31	47
37	C	32	3
37	C	33	257
37	C	34	5
37	C	35	111
37	C	36	142
37	C	37	618
37	C	38	555
37	C	39	1078
37	G	13	1
37	G	14	4
37	G	15	4
37	G	16	5
37	G	17	5
37	G	18	2
37	G	19	2
37	G	20	2
37	G	29	1
37	G	33	1
37	G	35	1
37	G	37	1
37	T	12	1
37	T	14	1
37	T	15	8
37	T	16	7
37	T	17	11
37	T	18	3
37	T	19	5
37	T	25	1
37	T	27	1
37	T	29	1
37	T	30	1
37	T	33	6
37	T	36	1
37	T	37	9
37	T	38	8
37	T	39	26
38	A	12	1
38	A	13	1
38	A	14	4
38	A	15	7
38	A	16	10
38	A	17	9
38	A	18	13
38	A	19	2
38	A	29	1
38	A	30	2
38	A	37	1
38	C	12	1
38	C	13	4
38	C	14	5
38	C	15	8
38	C	16	10
38	C	17	4
38	C	18	5
38	C	19	2
38	C	29	1
38	C	30	2
38	C	31	1
38	C	33	5
38	C	35	1
38	C	36	1
38	C	37	7
38	C	38	6
38	C	39	29
38	G	12	2
38	G	13	1
38	G	14	11
38	G	15	2
38	G	16	6
38	G	18	1
38	G	27	2
38	G	30	1
38	G	37	3
38	G	38	2
38	G	39	5
38	T	13	4
38	T	14	11
38	T	15	40
38	T	16	44
38	T	17	142
38	T	18	38
38	T	19	117
38	T	20	13
38	T	24	5
38	T	25	7
38	T	26	8
38	T	27	19
38	T	28	8
38	T	29	32
38	T	30	31
38	T	31	31
38	T	32	2
38	T	33	214
38	T	34	5
38	T	35	124
38	T	36	103
38	T	37	528
38	T	38	482
38	T	39	1313
39	A	14	1
39	A	15	1
39	A	16	7
39	A	17	4
39	A	18	2
39	A	19	3
39	A	20	2
39	A	30	2
39	A	32	1
39	A	33	1
39	A	37	1
39	C	12	2
39	C	13	5
39	C	14	19
39	C	15	54
39	C	16	76
39	C	17	143
39	C	18	37
39	C	19	122
39	C	20	14
39	C	24	1
39	C	25	4
39	C	26	4
39	C	27	17
39	C	28	6
39	C	29	27
39	C	30	40
39	C	31	27
39	C	32	3
39	C	33	175
39	C	34	7
39	C	35	94
39	C	36	63
39	C	37	475
39	C	38	406
39	C	39	1454
39	G	12	1
39	G	13	3
39	G	14	4
39	G	15	8
39	G	16	2
39	G	17	3
39	G	18	1
39	G	19	1
39	G	27	1
39	G	30	2
39	G	34	2
39	G	36	2
39	G	37	11
39	G	38	13
39	G	39	22
39	T	14	3
39	T	15	1
39	T	16	7
39	T	17	6
39	T	18	1
39	T	19	6
39	T	33	2
39	T	39	4
40	A	14	5
40	A	15	3
40	A	16	1
40	A	17	8
40	A	18	3
40	A	19	2
40	C	13	1
40	C	14	2
40	C	15	1
40	C	16	1
40	C	17	4
40	C	18	3
40	C	31	2
40	C	33	1
40	C	37	2
40	C	38	2
40	C	39	1
40	G	12	6
40	G	13	31
40	G	14	75
40	G	15	288
40	G	16	74
40	G	17	8
40	G	18	3
40	G	19	5
40	G	20	2
40	G	24	6
40	G	25	12
40	G	26	7
40	G	27	52
40	G	28	3
40	G	29	29
40	G	30	50
40	G	31	11
40	G	32	112
40	G	33	78
40	G	34	115
40	G	35	3
40	G	36	87
40	G	37	485
40	G	38	443
40	G	39	1273
40	T	14	2
40	T	15	2
40	T	16	1
40	T	17	14
40	T	18	4
40	T	19	8
40	T	30	1
40	T	32	1
40	T	33	1
40	T	34	1
40	T	36	5
40	T	37	1
40	T	38	1
41	A	13	3
41	A	14	5
41	A	15	1
41	A	16	1
41	A	17	7
41	A	18	4
41	A	19	5
41	A	30	1
41	C	14	12
41	C	15	1
41	C	16	3
41	C	18	1
41	C	33	1
41	G	12	17
41	G	13	39
41	G	14	406
41	G	15	3
41	G	16	89
41	G	17	6
41	G	18	11
41	G	19	2
41	G	24	3
41	G	25	7
41	G	26	8
41	G	27	38
41	G	29	32
41	G	30	95
41	G	31	5
41	G	32	164
41	G	33	11
41	G	34	117
41	G	35	4
41	G	36	391
41	G	37	545
41	G	38	1146
41	G	39	2
41	T	13	2
41	T	14	17
41	T	15	3
41	T	16	3
41	T	17	4
41	T	19	4
41	T	27	3
41	T	29	3
41	T	30	8
41	T	32	1
41	T	33	2
41	T	34	3
41	T	35	1
41	T	36	13
41	T	37	3
41	T	38	5
42	A	12	3
42	A	13	4
42	A	14	51
42	A	15	6
42	A	16	10
42	A	17	3
42	A	18	2
42	A	19	1
42	A	27	4
42	A	29	3
42	A	30	2
42	A	33	2
42	C	12	2
42	C	13	2
42	C	14	41
42	C	15	2
42	C	16	6
42	C	18	5
42	C	27	3
42	C	30	1
42	C	35	1
42	G	12	34
42	G	13	6
42	G	14	48
42	G	15	2
42	G	16	2
42	G	17	4
42	G	26	1
42	G	27	4
42	G	29	3
42	G	30	13
42	G	32	3
42	G	33	1
42	G	34	2
42	G	35	3
42	G	36	14
42	G	37	8
42	G	38	12
42	T	12	4
42	T	13	46
42	T	14	384
42	T	15	2
42	T	16	85
42	T	17	6
42	T	18	6
42	T	19	5
42	T	20	1
42	T	24	1
42	T	25	5
42	T	26	7
42	T	27	134
42	T	29	106
42	T	30	412
42	T	31	3
42	T	32	132
42	T	33	58
42	T	34	74
42	T	35	114
42	T	36	735
42	T	37	229
42	T	38	328
43	A	12	2
43	A	14	6
43	A	16	3
43	A	17	2
43	A	18	1
43	A	19	4
43	C	14	6
43	C	15	1
43	C	16	2
43	C	17	1
43	C	18	3
43	C	33	2
43	G	12	28
43	G	13	31
43	G	14	385
43	G	15	6
43	G	16	53
43	G	17	14
43	G	18	4
43	G	19	7
43	G	24	10
43	G	25	10
43	G	26	7
43	G	27	127
43	G	28	1
43	G	29	78
43	G	30	270
43	G	31	5
43	G	32	165
43	G	33	37
43	G	34	108
43	G	35	211
43	G	36	711
43	G	37	278
43	G	38	511
43	T	13	5
43	T	14	18
43	T	16	3
43	T	17	1
43	T	18	3
43	T	19	2
43	T	27	2
43	T	29	1
43	T	30	3
43	T	33	1
43	T	36	1
43	T	37	3
43	T	38	2
44	A	12	1
44	A	14	11
44	A	15	1
44	A	16	3
44	A	17	2
44	A	18	5
44	A	19	4
44	C	12	1
44	C	13	1
44	C	14	9
44	C	16	4
44	C	17	2
44	C	18	1
44	C	33	1
44	C	37	2
44	C	38	4
44	C	39	2
44	G	12	37
44	G	13	48
44	G	14	435
44	G	15	8
44	G	16	55
44	G	17	2
44	G	18	5
44	G	24	5
44	G	25	3
44	G	26	9
44	G	27	83
44	G	29	54
44	G	30	237
44	G	31	11
44	G	32	143
44	G	33	33
44	G	34	120
44	G	35	252
44	G	36	452
44	G	37	263
44	G	38	694
44	T	13	4
44	T	14	16
44	T	15	2
44	T	16	3
44	T	17	1
44	T	18	1
44	T	19	2
44	T	24	1
44	T	25	1
44	T	27	1
44	T	29	1
44	T	30	8
44	T	32	1
44	T	34	2
44	T	35	3
44	T	36	15
44	T	38	5
45	A	12	2
45	A	13	2
45	A	14	32
45	A	15	1
45	A	16	10
45	A	18	6
45	A	19	1
45	A	27	2
45	A	29	2
45	A	30	1
45	A	32	1
45	A	33	2
45	C	12	3
45	C	13	5
45	C	14	15
45	C	15	22
45	C	16	5
45	C	17	2
45	C	18	3
45	C	19	1
45	C	26	2
45	C	27	4
45	C	30	5
45	C	31	2
45	C	33	3
45	C	36	2
45	C	37	7
45	C	38	10
45	C	39	9
45	G	12	20
45	G	13	1
45	G	14	33
45	G	16	3
45	G	18	1
45	G	25	1
45	G	26	2
45	G	27	2
45	G	29	1
45	G	30	3
45	G	33	1
45	G	34	3
45	G	35	1
45	G	36	2
45	G	37	1
45	G	38	4
45	T	12	21
45	T	13	44
45	T	14	363
45	T	15	4
45	T	16	55
45	T	17	1
45	T	18	5
45	T	19	4
45	T	24	3
45	T	25	12
45	T	26	5
45	T	27	164
45	T	29	70
45	T	30	438
45	T	31	3
45	T	32	118
45	T	33	77
45	T	34	105
45	T	35	99
45	T	36	642
45	T	37	184
45	T	38	355
46	A	12	4
46	A	13	2
46	A	14	7
46	A	15	4
46	A	16	4
46	A	17	8
46	A	18	3
46	A	19	3
46	A	29	1
46	C	12	10
46	C	13	31
46	C	14	57
46	C	15	55
46	C	16	170
46	C	17	94
46	C	18	144
46	C	19	9
46	C	24	5
46	C	25	16
46	C	26	2
46	C	27	60
46	C	28	3
46	C	29	21
46	C	30	108
46	C	31	37
46	C	32	4
46	C	33	234
46	C	34	8
46	C	35	120
46	C	36	66
46	C	37	481
46	C	38	514
46	C	39	578
46	G	12	6
46	G	13	3
46	G	14	11
46	G	16	2
46	G	18	1
46	G	27	4
46	G	29	3
46	G	30	3
46	G	31	2
46	G	33	1
46	G	34	4
46	G	35	1
46	G	36	5
46	G	37	2
46	G	38	13
46	T	12	4
46	T	13	2
46	T	14	12
46	T	15	2
46	T	16	4
46	T	27	1
46	T	30	2
46	T	35	1
46	T	36	1
46	T	38	1
47	A	14	3
47	A	17	1
47	A	18	4
47	A	19	1
47	A	29	1
47	A	35	1
47	C	12	4
47	C	13	3
47	C	14	11
47	C	15	5
47	C	16	3
47	C	17	1
47	C	18	6
47	C	27	1
47	C	29	1
47	C	30	2
47	C	31	1
47	C	32	1
47	C	33	1
47	C	34	6
47	C	35	2
47	C	36	7
47	C	37	6
47	C	38	14
47	C	39	1
47	G	12	90
47	G	13	11
47	G	14	425
47	G	15	14
47	G	16	9
47	G	17	1
47	G	18	4
47	G	24	7
47	G	25	9
47	G	26	3
47	G	27	148
47	G	29	124
47	G	30	122
47	G	31	145
47	G	32	13
47	G	33	70
47	G	34	254
47	G	35	71
47	G	36	452
47	G	37	161
47	G	38	627
47	T	14	3
47	T	15	3
47	T	16	3
47	T	17	8
47	T	19	6
47	T	28	1
47	T	30	1
47	T	33	2
48	A	12	4
48	A	14	17
48	A	15	4
48	A	16	2
48	A	17	2
48	A	18	1
48	A	27	1
48	A	29	1
48	A	30	1
48	A	33	1
48	C	12	74
48	C	13	10
48	C	14	410
48	C	15	23
48	C	16	10
48	C	17	3
48	C	18	3
48	C	19	3
48	C	24	9
48	C	25	12
48	C	26	8
48	C	27	103
48	C	29	95
48	C	30	142
48	C	31	117
48	C	32	19
48	C	33	65
48	C	34	309
48	C	35	64
48	C	36	326
48	C	37	162
48	C	38	716
48	G	12	13
48	G	13	1
48	G	14	18
48	G	16	1
48	G	18	1
48	G	19	1
48	G	27	3
48	G	29	2
48	G	31	2
48	G	33	1
48	G	34	1
48	G	36	2
48	G	38	5
48	T	14	17
48	T	16	3
48	T	17	4
48	T	19	2
48	T	29	2
48	T	30	1
49	A	12	3
49	A	14	13
49	A	15	1
49	A	16	2
49	A	17	4
49	A	18	2
49	A	29	1
49	C	12	19
49	C	13	63
49	C	14	313
49	C	15	9
49	C	16	33
49	C	17	4
49	C	18	5
49	C	24	9
49	C	25	6
49	C	26	6
49	C	27	94
49	C	28	1
49	C	29	47
49	C	30	189
49	C	31	10
49	C	32	126
49	C	33	31
49	C	34	91
49	C	35	203
49	C	36	307
49	C	37	197
49	C	38	817
49	G	12	5
49	G	13	1
49	G	14	16
49	G	15	1
49	G	24	1
49	G	26	1
49	G	27	4
49	G	29	1
49	G	30	4
49	G	34	4
49	G	35	2
49	G	36	4
49	G	37	3
49	G	38	9
49	T	12	1
49	T	13	3
49	T	14	17
49	T	15	2
49	T	16	4
49	T	17	3
49	T	18	2
49	T	27	3
49	T	29	1
49	T	30	2
49	T	31	1
49	T	34	1
50	A	14	8
50	A	15	1
50	A	16	3
50	A	17	3
50	A	18	2
50	A	27	1
50	A	30	1
50	A	35	2
50	A	36	3
50	C	13	1
50	C	14	3
50	C	17	1
50	C	18	1
50	C	27	1
50	C	35	2
50	C	38	2
50	G	12	81
50	G	13	6
50	G	14	278
50	G	15	7
50	G	16	2
50	G	17	3
50	G	24	16
50	G	25	9
50	G	26	6
50	G	27	126
50	G	29	103
50	G	30	78
50	G	31	112
50	G	32	18
50	G	33	70
50	G	34	259
50	G	35	69
50	G	36	318
50	G	37	120
50	G	38	768
50	T	12	1
50	T	13	6
50	T	14	12
50	T	15	1
50	T	16	1
50	T	17	1
50	T	18	1
50	T	19	2
50	T	25	2
50	T	26	1
50	T	27	4
50	T	29	5
50	T	30	1
50	T	31	2
50	T	33	2
50	T	34	1
50	T	35	1
50	T	36	5
50	T	37	1
50	T	38	2
51	A	12	21
51	A	13	4
51	A	14	34
51	A	15	1
51	A	16	2
51	A	18	2
51	A	25	1
51	A	27	5
51	A	29	2
51	A	30	4
51	A	31	1
51	A	32	1
51	A	33	1
51	A	34	2
51	A	35	4
51	A	36	4
51	A	37	2
51	A	38	3
51	C	12	19
51	C	14	31
51	C	15	1
51	C	16	1
51	C	18	1
51	C	19	1
51	C	27	5
51	C	29	2
51	C	30	2
51	C	31	1
51	C	34	1
51	G	12	33
51	G	13	1
51	G	14	36
51	G	15	1
51	G	16	1
51	G	17	1
51	G	19	1
51	G	24	2
51	G	25	1
51	G	29	2
51	G	34	1
51	G	37	1
51	G	38	2
51	T	12	64
51	T	13	10
51	T	14	527
51	T	15	4
51	T	16	3
51	T	17	2
51	T	19	1
51	T	24	6
51	T	25	6
51	T	26	11
51	T	27	267
51	T	29	241
51	T	30	68
51	T	31	127
51	T	32	14
51	T	33	116
51	T	34	177
51	T	35	43
51	T	36	309
51	T	37	57
51	T	38	91
51	T	39	2
52	A	12	39
52	A	13	50
52	A	14	278
52	A	15	13
52	A	16	34
52	A	17	3
52	A	18	2
52	A	19	1
52	A	24	10
52	A	25	13
52	A	26	8
52	A	27	119
52	A	29	53
52	A	30	284
52	A	31	1
52	A	32	141
52	A	33	59
52	A	34	132
52	A	35	220
52	A	36	392
52	A	37	138
52	A	38	193
52	A	39	2
52	C	12	7
52	C	13	1
52	C	14	8
52	C	15	1
52	C	16	1
52	C	18	3
52	C	25	1
52	C	29	1
52	C	30	2
52	C	32	1
52	C	33	2
52	C	34	1
52	C	38	2
52	C	39	2
52	G	12	4
52	G	13	1
52	G	14	8
52	G	15	1
52	G	16	1
52	G	18	2
52	G	27	1
52	G	33	1
52	T	12	7
52	T	13	3
52	T	14	14
52	T	15	2
52	T	16	1
52	T	17	1
52	T	18	2
52	T	19	3
52	T	25	1
52	T	27	2
52	T	29	2
52	T	30	3
52	T	32	1
52	T	33	1
52	T	34	1
52	T	36	1
52	T	37	10
52	T	38	7
52	T	39	5
53	A	12	6
53	A	13	1
53	A	14	10
53	A	15	4
53	A	16	5
53	A	17	3
53	A	18	2
53	A	30	2
53	A	32	1
53	A	33	3
53	A	34	1
53	A	36	1
53	A	37	3
53	A	38	1
53	A	39	1
53	C	12	11
53	C	13	6
53	C	14	12
53	C	15	2
53	C	17	1
53	C	18	1
53	C	27	1
53	C	30	5
53	C	32	1
53	C	33	1
53	C	34	2
53	C	36	2
53	C	37	8
53	C	38	4
53	C	39	8
53	G	12	6
53	G	13	2
53	G	14	6
53	G	15	2
53	G	16	2
53	G	18	1
53	G	26	1
53	T	12	6
53	T	13	58
53	T	14	32
53	T	15	209
53	T	16	29
53	T	17	6
53	T	18	6
53	T	19	2
53	T	24	6
53	T	25	7
53	T	26	6
53	T	27	54
53	T	28	3
53	T	29	15
53	T	30	60
53	T	31	21
53	T	32	79
53	T	33	89
53	T	34	129
53	T	35	5
53	T	36	37
53	T	37	463
53	T	38	415
53	T	39	373
54	A	14	5
54	A	15	3
54	A	16	4
54	A	17	5
54	A	18	2
54	A	24	1
54	A	26	1
54	A	29	1
54	A	30	1
54	A	33	1
54	A	37	7
54	A	38	9
54	A	39	8
54	C	12	27
54	C	13	37
54	C	14	35
54	C	15	171
54	C	16	19
54	C	17	10
54	C	18	6
54	C	19	4
54	C	24	5
54	C	25	4
54	C	26	7
54	C	27	50
54	C	28	2
54	C	29	23
54	C	30	50
54	C	31	16
54	C	32	50
54	C	33	40
54	C	34	101
54	C	35	2
54	C	36	37
54	C	37	387
54	C	38	411
54	C	39	592
54	G	12	2
54	G	13	4
54	G	14	5
54	G	15	3
54	G	16	2
54	G	17	1
54	G	18	1
54	G	19	2
54	G	27	2
54	T	13	2
54	T	14	3
54	T	15	1
54	T	16	6
54	T	17	1
54	T	19	1
54	T	33	1
54	T	34	1
54	T	35	2
54	T	37	4
54	T	38	1
54	T	39	3
55	A	12	1
55	A	13	12
55	A	14	8
55	A	15	58
55	A	16	61
55	A	17	102
55	A	18	48
55	A	19	70
55	A	24	4
55	A	25	7
55	A	26	8
55	A	27	15
55	A	28	7
55	A	29	13
55	A	30	27
55	A	31	27
55	A	33	170
55	A	34	9
55	A	35	78
55	A	36	77
55	A	37	440
55	A	38	280
55	A	39	494
55	C	12	1
55	C	13	1
55	C	14	3
55	C	15	2
55	C	16	5
55	C	17	5
55	C	18	3
55	C	19	2
55	C	24	1
55	C	25	1
55	C	33	2
55	C	37	2
55	C	39	1
55	G	12	4
55	G	13	5
55	G	14	9
55	G	15	1
55	G	16	1
55	G	24	1
55	G	26	2
55	G	33	1
55	T	13	1
55	T	14	2
55	T	15	5
55	T	16	4
55	T	17	13
55	T	18	4
55	T	19	1
55	T	24	2
55	T	28	1
55	T	29	1
55	T	30	1
55	T	31	2
55	T	33	2
55	T	35	2
55	T	36	2
55	T	37	5
55	T	38	5
55	T	39	9
56	A	13	1
56	A	14	4
56	A	15	7
56	A	16	5
56	A	17	3
56	A	18	2
56	A	19	2
56	A	27	1
56	A	29	2
56	A	33	3
56	A	35	1
56	A	37	2
56	A	38	1
56	A	39	1
56	C	12	1
56	C	13	4
56	C	16	8
56	C	17	5
56	C	18	2
56	C	19	1
56	C	27	2
56	G	12	2
56	G	13	3
56	G	14	5
56	G	15	1
56	G	16	6
56	G	17	4
56	G	18	1
56	G	19	1
56	G	27	1
56	G	30	1
56	G	31	2
56	G	33	1
56	T	13	3
56	T	14	8
56	T	15	28
56	T	16	49
56	T	17	81
56	T	18	42
56	T	19	65
56	T	24	8
56	T	25	6
56	T	26	16
56	T	27	16
56	T	28	11
56	T	29	21
56	T	30	32
56	T	31	31
56	T	33	183
56	T	34	9
56	T	35	79
56	T	36	96
56	T	37	430
56	T	38	299
56	T	39	488
57	A	13	1
57	A	14	2
57	A	15	2
57	A	16	4
57	A	17	6
57	A	18	3
57	A	19	1
57	A	26	1
57	A	29	3
57	A	30	1
57	A	31	1
57	A	33	3
57	A	35	1
57	A	36	3
57	A	37	8
57	A	38	4
57	A	39	7
57	C	13	2
57	C	14	5
57	C	15	3
57	C	16	6
57	C	17	7
57	C	18	3
57	C	19	3
57	G	12	2
57	G	13	6
57	G	14	4
57	G	15	5
57	G	16	7
57	G	17	2
57	G	18	1
57	G	29	1
57	G	30	1
57	T	13	6
57	T	14	12
57	T	15	25
57	T	16	64
57	T	17	89
57	T	18	50
57	T	19	61
57	T	24	1
57	T	25	3
57	T	26	10
57	T	27	14
57	T	28	5
57	T	29	24
57	T	30	29
57	T	31	27
57	T	33	147
57	T	34	4
57	T	35	81
57	T	36	62
57	T	37	399
57	T	38	281
57	T	39	529
58	A	13	4
58	A	14	13
58	A	15	23
58	A	16	61
58	A	17	104
58	A	18	46
58	A	19	52
58	A	24	5
58	A	25	3
58	A	26	6
58	A	27	14
58	A	28	3
58	A	29	23
58	A	30	31
58	A	31	23
58	A	33	136
58	A	34	9
58	A	35	114
58	A	36	36
58	A	37	384
58	A	38	261
58	A	39	541
58	C	13	2
58	C	15	7
58	C	16	8
58	C	17	2
58	C	18	3
58	C	27	1
58	C	33	1
58	C	37	1
58	G	12	2
58	G	13	2
58	G	14	1
58	G	15	1
58	G	16	3
58	G	17	4
58	G	18	1
58	G	19	2
58	G	27	1
58	G	33	1
58	T	14	3
58	T	15	5
58	T	16	5
58	T	17	12
58	T	19	1
58	T	27	1
58	T	29	1
58	T	30	1
58	T	33	2
58	T	37	2
59	A	12	1
59	A	13	7
59	A	14	10
59	A	15	25
59	A	16	142
59	A	17	56
59	A	18	66
59	A	19	80
59	A	25	4
59	A	26	7
59	A	27	12
59	A	28	4
59	A	29	22
59	A	30	46
59	A	31	38
59	A	33	164
59	A	34	6
59	A	35	100
59	A	36	42
59	A	37	350
59	A	38	287
59	A	39	345
59	C	13	1
59	C	14	4
59	C	15	4
59	C	16	9
59	C	17	6
59	C	18	5
59	C	27	1
59	C	29	2
59	C	30	1
59	G	12	1
59	G	13	4
59	G	14	1
59	G	15	3
59	G	16	8
59	G	17	1
59	G	18	1
59	G	33	2
59	G	34	1
59	T	14	3
59	T	15	1
59	T	16	7
59	T	17	20
59	T	18	1
59	T	19	3
59	T	27	1
59	T	28	1
59	T	29	1
59	T	31	1
60	A	13	1
60	A	14	10
60	A	15	24
60	A	16	118
60	A	17	50
60	A	18	61
60	A	19	53
60	A	24	1
60	A	25	2
60	A	26	3
60	A	27	24
60	A	28	6
60	A	29	20
60	A	30	40
60	A	31	28
60	A	33	132
60	A	34	3
60	A	35	94
60	A	36	31
60	A	37	348
60	A	38	298
60	A	39	396
60	C	12	1
60	C	13	1
60	C	15	8
60	C	16	9
60	C	17	3
60	C	18	2
60	C	19	1
60	C	26	1
60	C	30	2
60	G	13	1
60	G	14	2
60	G	15	7
60	G	16	6
60	G	17	2
60	G	18	1
60	G	19	1
60	G	24	1
60	G	26	1
60	G	29	1
60	G	30	1
60	G	31	1
60	G	33	2
60	G	38	1
60	T	16	4
60	T	17	16
60	T	18	3
60	T	19	3
60	T	27	1
60	T	29	1
60	T	30	1
60	T	33	1
60	T	35	1
61	A	12	2
61	A	13	4
61	A	14	6
61	A	15	18
61	A	16	137
61	A	17	72
61	A	18	46
61	A	19	52
61	A	24	2
61	A	25	1
61	A	26	2
61	A	27	9
61	A	28	7
61	A	29	14
61	A	30	43
61	A	31	23
61	A	33	149
61	A	34	4
61	A	35	91
61	A	36	50
61	A	37	334
61	A	38	252
61	A	39	363
61	C	12	1
61	C	13	1
61	C	14	1
61	C	15	5
61	C	16	12
61	C	17	4
61	C	18	3
61	C	19	1
61	C	27	1
61	C	29	1
61	C	30	1
61	C	33	1
61	C	37	1
61	G	12	1
61	G	13	2
61	G	14	3
61	G	15	2
61	G	16	5
61	G	17	5
61	G	24	3
61	G	27	1
61	G	28	1
61	G	29	1
61	G	33	1
61	T	15	4
61	T	16	6
61	T	17	10
61	T	19	3
61	T	30	3
61	T	37	1
62	A	12	1
62	A	13	7
62	A	14	10
62	A	15	25
62	A	16	135
62	A	17	109
62	A	18	59
62	A	19	4
62	A	25	5
62	A	26	1
62	A	27	25
62	A	28	2
62	A	29	6
62	A	30	40
62	A	31	25
62	A	32	1
62	A	33	163
62	A	34	8
62	A	35	77
62	A	36	44
62	A	37	308
62	A	38	261
62	A	39	304
62	C	12	1
62	C	13	3
62	C	14	3
62	C	15	7
62	C	16	8
62	C	17	7
62	C	18	6
62	C	19	1
62	C	24	1
62	C	28	1
62	C	29	1
62	C	31	1
62	C	33	2
62	C	39	1
62	G	12	1
62	G	13	6
62	G	14	6
62	G	15	4
62	G	16	6
62	G	17	2
62	G	18	1
62	G	28	1
62	G	36	1
62	T	13	1
62	T	15	3
62	T	16	4
62	T	17	8
62	T	18	3
62	T	19	2
62	T	33	2
62	T	36	1
63	A	12	22
63	A	13	10
63	A	14	280
63	A	15	19
63	A	16	22
63	A	17	9
63	A	18	8
63	A	19	1
63	A	24	5
63	A	25	1
63	A	26	4
63	A	27	100
63	A	29	50
63	A	30	95
63	A	31	104
63	A	32	23
63	A	33	78
63	A	34	268
63	A	35	60
63	A	36	69
63	A	37	82
63	A	38	282
63	A	39	2
63	C	13	4
63	C	14	9
63	C	15	2
63	C	16	7
63	C	18	1
63	C	27	3
63	G	12	3
63	G	13	7
63	G	14	9
63	G	15	1
63	G	16	5
63	G	17	2
63	G	18	2
63	G	19	1
63	G	26	2
63	G	29	1
63	G	30	1
63	G	33	1
63	T	13	2
63	T	15	6
63	T	16	3
63	T	17	6
63	T	18	1
63	T	19	1
63	T	27	1
63	T	33	1
64	A	12	50
64	A	13	8
64	A	14	253
64	A	15	19
64	A	16	19
64	A	17	5
64	A	18	5
64	A	19	2
64	A	24	2
64	A	25	4
64	A	26	6
64	A	27	91
64	A	28	3
64	A	29	51
64	A	30	82
64	A	31	127
64	A	32	18
64	A	33	71
64	A	34	243
64	A	35	67
64	A	36	59
64	A	37	68
64	A	38	262
64	A	39	1
64	C	13	4
64	C	14	20
64	C	15	3
64	C	16	4
64	C	17	1
64	C	18	1
64	C	27	2
64	C	31	1
64	C	34	1
64	G	12	3
64	G	13	9
64	G	14	7
64	G	15	2
64	G	16	2
64	G	17	1
64	G	18	2
64	G	25	1
64	G	26	1
64	G	27	1
64	G	30	1
64	G	33	3
64	G	34	1
64	G	36	1
64	T	12	2
64	T	14	2
64	T	15	13
64	T	16	8
64	T	17	10
64	T	18	1
64	T	19	1
64	T	24	1
64	T	27	3
64	T	30	1
64	T	31	1
64	T	33	3
64	T	35	1
64	T	36	1
65	A	12	77
65	A	13	10
65	A	14	285
65	A	15	26
65	A	16	18
65	A	17	14
65	A	18	10
65	A	24	3
65	A	25	4
65	A	26	8
65	A	27	93
65	A	28	2
65	A	29	49
65	A	30	108
65	A	31	99
65	A	32	29
65	A	33	67
65	A	34	218
65	A	35	72
65	A	36	48
65	A	37	62
65	A	38	160
65	C	13	9
65	C	14	32
65	C	15	3
65	C	16	4
65	C	17	1
65	C	18	1
65	C	25	2
65	C	27	3
65	C	30	1
65	C	31	1
65	C	33	2
65	C	34	1
65	C	37	1
65	G	12	3
65	G	13	7
65	G	14	11
65	G	15	2
65	G	16	3
65	G	18	1
65	G	26	1
65	G	31	1
65	G	36	1
65	T	13	3
65	T	15	15
65	T	16	5
65	T	17	10
65	T	19	2
65	T	24	2
65	T	27	2
65	T	30	3
66	A	12	126
66	A	13	8
66	A	14	434
66	A	15	20
66	A	16	24
66	A	17	7
66	A	18	2
66	A	19	1
66	A	24	6
66	A	25	10
66	A	26	3
66	A	27	167
66	A	28	2
66	A	29	82
66	A	30	65
66	A	31	112
66	A	32	27
66	A	33	24
66	A	34	97
66	A	35	23
66	A	36	15
66	A	37	24
66	A	38	22
66	C	12	3
66	C	13	22
66	C	14	68
66	C	15	6
66	C	16	4
66	C	17	1
66	C	18	3
66	C	19	1
66	C	27	6
66	C	29	1
66	C	32	1
66	C	35	1
66	C	36	1
66	C	37	2
66	C	38	1
66	G	12	1
66	G	13	6
66	G	14	22
66	G	15	4
66	G	16	6
66	G	17	2
66	G	18	2
66	G	25	1
66	G	30	1
66	G	36	1
66	G	37	1
66	T	12	1
66	T	13	3
66	T	14	2
66	T	15	36
66	T	16	12
66	T	17	13
66	T	18	4
66	T	19	2
66	T	27	4
66	T	28	1
66	T	29	1
66	T	30	8
66	T	31	2
66	T	33	3
66	T	38	1
67	A	12	184
67	A	13	17
67	A	14	386
67	A	15	21
67	A	16	25
67	A	17	15
67	A	18	7
67	A	19	3
67	A	24	4
67	A	25	5
67	A	26	13
67	A	27	192
67	A	28	6
67	A	29	111
67	A	30	62
67	A	31	75
67	A	32	37
67	A	33	33
67	A	34	42
67	A	35	8
67	A	36	6
67	A	37	16
67	A	38	10
67	A	39	1
67	C	12	3
67	C	13	21
67	C	14	49
67	C	15	10
67	C	16	4
67	C	17	3
67	C	18	1
67	C	26	1
67	C	27	5
67	C	28	2
67	C	30	5
67	C	31	2
67	C	32	1
67	C	33	1
67	C	34	1
67	C	38	1
67	G	12	3
67	G	13	5
67	G	14	18
67	G	15	3
67	G	16	4
67	G	17	1
67	G	19	1
67	G	24	1
67	G	27	3
67	G	30	1
67	G	32	1
67	G	37	1
67	T	13	3
67	T	14	1
67	T	15	35
67	T	16	18
67	T	17	15
67	T	18	3
67	T	19	1
67	T	27	4
67	T	28	1
67	T	30	5
67	T	33	3
67	T	37	3
68	A	12	252
68	A	13	24
68	A	14	298
68	A	15	37
68	A	16	34
68	A	17	16
68	A	18	5
68	A	19	2
68	A	24	4
68	A	25	6
68	A	26	7
68	A	27	122
68	A	28	3
68	A	29	39
68	A	30	25
68	A	31	17
68	A	32	7
68	A	33	9
68	A	34	6
68	A	35	3
68	A	37	9
68	A	39	2
68	C	12	2
68	C	13	52
68	C	14	91
68	C	15	22
68	C	16	18
68	C	17	8
68	C	25	1
68	C	27	19
68	C	28	1
68	C	29	3
68	C	30	10
68	C	31	3
68	C	32	1
68	C	33	4
68	C	37	2
68	G	12	4
68	G	13	26
68	G	14	62
68	G	15	15
68	G	16	10
68	G	17	8
68	G	18	1
68	G	19	1
68	G	25	1
68	G	27	4
68	G	29	1
68	G	37	1
68	G	38	1
68	T	13	7
68	T	14	3
68	T	15	76
68	T	16	22
68	T	17	15
68	T	18	4
68	T	19	5
68	T	24	1
68	T	25	1
68	T	26	1
68	T	27	7
68	T	28	2
68	T	29	1
68	T	30	11
68	T	31	6
68	T	33	7
68	T	35	2
68	T	36	1
68	T	37	2
68	T	38	1
68	T	39	1
69	A	12	196
69	A	13	53
69	A	14	193
69	A	15	39
69	A	16	53
69	A	17	23
69	A	18	18
69	A	19	7
69	A	24	7
69	A	25	9
69	A	26	8
69	A	27	64
69	A	28	5
69	A	29	27
69	A	30	28
69	A	31	12
69	A	33	3
69	A	34	3
69	A	37	2
69	A	38	1
69	A	39	2
69	C	12	4
69	C	13	79
69	C	14	86
69	C	15	27
69	C	16	29
69	C	17	4
69	C	18	1
69	C	19	2
69	C	24	1
69	C	25	2
69	C	26	2
69	C	27	21
69	C	29	3
69	C	30	20
69	C	31	2
69	C	33	4
69	C	34	1
69	C	35	3
69	C	37	1
69	C	38	1
69	C	39	1
69	G	12	9
69	G	13	33
69	G	14	53
69	G	15	15
69	G	16	15
69	G	17	4
69	G	18	3
69	G	24	1
69	G	25	1
69	G	27	3
69	G	29	2
69	G	30	7
69	G	31	1
69	G	33	1
69	G	36	1
69	T	13	14
69	T	14	2
69	T	15	68
69	T	16	43
69	T	17	29
69	T	18	6
69	T	19	6
69	T	24	1
69	T	25	1
69	T	27	16
69	T	28	2
69	T	29	4
69	T	30	12
69	T	31	10
69	T	33	13
69	T	35	1
69	T	37	1
69	T	38	1
70	A	12	101
70	A	13	72
70	A	14	139
70	A	15	47
70	A	16	84
70	A	17	36
70	A	18	11
70	A	19	2
70	A	24	4
70	A	25	7
70	A	26	2
70	A	27	58
70	A	28	6
70	A	29	16
70	A	30	30
70	A	31	7
70	A	32	1
70	A	33	8
70	A	34	2
70	A	35	2
70	A	36	2
70	A	37	4
70	A	38	1
70	C	12	7
70	C	13	82
70	C	14	59
70	C	15	39
70	C	16	41
70	C	17	15
70	C	18	2
70	C	19	2
70	C	24	2
70	C	25	2
70	C	26	3
70	C	27	18
70	C	28	2
70	C	29	7
70	C	30	11
70	C	31	1
70	C	32	1
70	C	33	7
70	C	34	2
70	C	37	1
70	C	38	1
70	C	39	1
70	G	12	11
70	G	13	31
70	G	14	44
70	G	15	18
70	G	16	13
70	G	17	11
70	G	18	5
70	G	27	4
70	G	30	5
70	G	31	2
70	G	35	1
70	T	13	20
70	T	14	7
70	T	15	45
70	T	16	73
70	T	17	38
70	T	18	5
70	T	19	8
70	T	27	12
70	T	28	3
70	T	29	11
70	T	30	13
70	T	31	5
70	T	33	8
70	T	35	2
70	T	37	2
70	T	38	1
70	T	39	1
71	A	12	38
71	A	13	53
71	A	14	66
71	A	15	44
71	A	16	66
71	A	17	32
71	A	18	9
71	A	19	8
71	A	24	1
71	A	25	2
71	A	26	4
71	A	27	27
71	A	28	3
71	A	29	8
71	A	30	12
71	A	31	3
71	A	33	5
71	A	36	1
71	A	37	2
71	C	12	4
71	C	13	56
71	C	14	41
71	C	15	52
71	C	16	47
71	C	17	25
71	C	18	8
71	C	19	4
71	C	25	2
71	C	26	2
71	C	27	21
71	C	29	2
71	C	30	6
71	C	31	4
71	C	33	4
71	C	37	1
71	C	38	1
71	G	12	29
71	G	13	33
71	G	14	61
71	G	15	43
71	G	16	26
71	G	17	19
71	G	18	3
71	G	19	1
71	G	25	2
71	G	26	3
71	G	27	17
71	G	29	4
71	G	30	6
71	G	31	1
71	G	37	2
71	T	12	2
71	T	13	8
71	T	14	15
71	T	15	30
71	T	16	86
71	T	17	30
71	T	18	11
71	T	19	4
71	T	24	2
71	T	25	1
71	T	26	1
71	T	27	17
71	T	28	3
71	T	29	8
71	T	30	6
71	T	31	7
71	T	33	9
71	T	35	1
71	T	37	1
71	T	39	1
72	A	12	17
72	A	13	52
72	A	14	47
72	A	15	47
72	A	16	81
72	A	17	31
72	A	18	5
72	A	19	6
72	A	25	4
72	A	26	4
72	A	27	16
72	A	28	3
72	A	29	7
72	A	30	9
72	A	31	8
72	A	33	6
72	A	37	1
72	A	38	1
72	C	12	5
72	C	13	50
72	C	14	47
72	C	15	41
72	C	16	45
72	C	17	21
72	C	18	7
72	C	19	1
72	C	24	2
72	C	25	3
72	C	26	2
72	C	27	16
72	C	28	2
72	C	29	4
72	C	30	8
72	C	31	4
72	C	33	8
72	C	37	5
72	G	12	22
72	G	13	38
72	G	14	46
72	G	15	34
72	G	16	31
72	G	17	19
72	G	18	2
72	G	25	1
72	G	27	14
72	G	28	2
72	G	29	2
72	G	30	7
72	G	31	1
72	G	33	4
72	G	34	1
72	G	35	1
72	G	37	1
72	G	38	1
72	T	12	1
72	T	13	8
72	T	14	12
72	T	15	26
72	T	16	58
72	T	17	37
72	T	18	6
72	T	19	10
72	T	24	1
72	T	25	2
72	T	26	3
72	T	27	9
72	T	28	6
72	T	29	4
72	T	30	14
72	T	31	7
72	T	33	6
72	T	36	1
72	T	37	2
73	A	12	10
73	A	13	42
73	A	14	37
73	A	15	47
73	A	16	52
73	A	17	25
73	A	18	4
73	A	19	2
73	A	24	2
73	A	25	3
73	A	26	3
73	A	27	22
73	A	28	2
73	A	29	3
73	A	30	11
73	A	31	4
73	A	33	6
73	A	34	1
73	A	35	1
73	A	37	1
73	A	38	1
73	A	39	1
73	C	12	9
73	C	13	34
73	C	14	48
73	C	15	40
73	C	16	48
73	C	17	18
73	C	18	6
73	C	19	3
73	C	24	1
73	C	25	4
73	C	26	1
73	C	27	14
73	C	28	2
73	C	29	3
73	C	30	14
73	C	31	3
73	C	33	6
73	C	37	2
73	G	12	29
73	G	13	50
73	G	14	65
73	G	15	41
73	G	16	39
73	G	17	17
73	G	18	3
73	G	24	1
73	G	25	1
73	G	26	2
73	G	27	13
73	G	28	2
73	G	29	3
73	G	30	5
73	G	31	1
73	G	33	3
73	T	12	1
73	T	13	8
73	T	14	9
73	T	15	21
73	T	16	61
73	T	17	33
73	T	18	9
73	T	19	2
73	T	24	1
73	T	26	5
73	T	27	10
73	T	29	7
73	T	30	7
73	T	31	4
73	T	33	8
73	T	37	2
74	A	12	13
74	A	13	39
74	A	14	36
74	A	15	44
74	A	16	73
74	A	17	29
74	A	18	3
74	A	19	1
74	A	24	1
74	A	25	4
74	A	26	1
74	A	27	19
74	A	28	3
74	A	29	9
74	A	30	6
74	A	31	2
74	A	33	7
74	A	34	1
74	A	37	3
74	C	12	27
74	C	13	44
74	C	14	38
74	C	15	41
74	C	16	44
74	C	17	16
74	C	18	10
74	C	19	2
74	C	25	2
74	C	26	3
74	C	27	20
74	C	28	2
74	C	29	8
74	C	30	11
74	C	31	1
74	C	33	5
74	C	34	1
74	C	36	1
74	C	37	2
74	G	12	24
74	G	13	33
74	G	14	46
74	G	15	18
74	G	16	27
74	G	17	7
74	G	19	1
74	G	25	1
74	G	26	1
74	G	27	7
74	G	29	3
74	G	30	4
74	G	33	3
74	G	35	1
74	T	12	5
74	T	13	8
74	T	14	14
74	T	15	31
74	T	16	61
74	T	17	38
74	T	18	5
74	T	19	6
74	T	24	1
74	T	25	1
74	T	26	1
74	T	27	8
74	T	28	2
74	T	29	6
74	T	30	8
74	T	31	6
74	T	33	6
74	T	37	2
74	T	38	1
75	A	12	19
75	A	13	29
75	A	14	34
75	A	15	38
75	A	16	59
75	A	17	29
75	A	18	7
75	A	19	2
75	A	24	1
75	A	27	33
75	A	28	5
75	A	29	7
75	A	30	15
75	A	31	5
75	A	32	1
75	A	33	3
75	A	37	1
75	A	38	1
75	C	12	20
75	C	13	41
75	C	14	43
75	C	15	26
75	C	16	54
75	C	17	22
75	C	18	1
75	C	24	1
75	C	25	2
75	C	26	3
75	C	27	19
75	C	28	2
75	C	29	2
75	C	30	10
75	C	31	2
75	C	33	4
75	C	35	1
75	C	37	1
75	C	38	1
75	C	39	1
75	G	12	42
75	G	13	27
75	G	14	41
75	G	15	17
75	G	16	20
75	G	17	12
75	G	18	3
75	G	26	3
75	G	27	7
75	G	29	3
75	G	30	6
75	G	31	1
75	G	32	1
75	G	33	1
75	T	12	6
75	T	13	8
75	T	14	22
75	T	15	13
75	T	16	45
75	T	17	20
75	T	18	6
75	T	19	8
75	T	24	1
75	T	25	2
75	T	26	2
75	T	27	10
75	T	28	5
75	T	29	11
75	T	30	5
75	T	31	6
75	T	33	8
75	T	34	1
75	T	35	1
75	T	37	4
76	A	12	19
76	A	13	34
76	A	14	40
76	A	15	58
76	A	16	57
76	A	17	23
76	A	18	8
76	A	19	4
76	A	24	1
76	A	25	1
76	A	26	2
76	A	27	18
76	A	28	4
76	A	29	8
76	A	30	8
76	A	31	7
76	A	33	4
76	A	34	1
76	A	37	2
76	A	38	1
76	C	12	30
76	C	13	40
76	C	14	38
76	C	15	25
76	C	16	43
76	C	17	21
76	C	18	3
76	C	19	3
76	C	25	2
76	C	27	18
76	C	28	3
76	C	29	6
76	C	30	4
76	C	31	2
76	C	33	7
76	C	34	3
76	C	37	1
76	C	39	1
76	G	12	31
76	G	13	23
76	G	14	36
76	G	15	18
76	G	16	22
76	G	17	8
76	G	18	1
76	G	24	2
76	G	27	9
76	G	28	1
76	G	29	2
76	G	30	2
76	G	33	1
76	G	37	1
76	T	12	3
76	T	13	7
76	T	14	10
76	T	15	21
76	T	16	56
76	T	17	21
76	T	18	8
76	T	19	2
76	T	25	2
76	T	26	2
76	T	27	11
76	T	28	3
76	T	29	6
76	T	30	7
76	T	31	5
76	T	33	3
76	T	35	2
76	T	37	1
77	A	12	17
77	A	13	21
77	A	14	25
77	A	15	31
77	A	16	57
77	A	17	26
77	A	18	2
77	A	19	1
77	A	24	3
77	A	25	1
77	A	26	4
77	A	27	13
77	A	28	2
77	A	29	5
77	A	30	4
77	A	31	7
77	A	33	5
77	A	34	1
77	A	35	2
77	A	37	1
77	C	12	27
77	C	13	41
77	C	14	38
77	C	15	30
77	C	16	38
77	C	17	15
77	C	18	3
77	C	24	3
77	C	25	3
77	C	27	19
77	C	28	3
77	C	29	1
77	C	30	5
77	C	31	1
77	C	33	1
77	C	37	1
77	G	12	38
77	G	13	21
77	G	14	47
77	G	15	24
77	G	16	27
77	G	17	5
77	G	18	2
77	G	19	1
77	G	24	1
77	G	25	1
77	G	26	1
77	G	27	12
77	G	28	1
77	G	29	3
77	G	30	1
77	G	31	2
77	T	12	5
77	T	13	7
77	T	14	18
77	T	15	36
77	T	16	49
77	T	17	18
77	T	18	7
77	T	19	8
77	T	25	1
77	T	26	1
77	T	27	15
77	T	28	5
77	T	29	6
77	T	30	5
77	T	31	4
77	T	33	9
77	T	37	4
77	T	38	3
78	A	12	15
78	A	13	23
78	A	14	27
78	A	15	40
78	A	16	65
78	A	17	13
78	A	18	4
78	A	19	4
78	A	24	1
78	A	26	2
78	A	27	16
78	A	28	2
78	A	29	6
78	A	30	10
78	A	31	5
78	A	33	5
78	A	34	1
78	A	37	1
78	C	12	30
78	C	13	29
78	C	14	31
78	C	15	35
78	C	16	39
78	C	17	16
78	C	18	3
78	C	25	3
78	C	26	1
78	C	27	22
78	C	28	2
78	C	29	5
78	C	30	7
78	C	33	4
78	C	34	1
78	C	35	1
78	C	37	1
78	C	38	1
78	G	12	34
78	G	13	24
78	G	14	31
78	G	15	17
78	G	16	21
78	G	17	14
78	G	18	1
78	G	24	5
78	G	26	1
78	G	27	4
78	G	30	2
78	G	33	1
78	T	12	4
78	T	13	15
78	T	14	13
78	T	15	24
78	T	16	44
78	T	17	22
78	T	18	7
78	T	19	2
78	T	24	2
78	T	26	4
78	T	27	10
78	T	28	4
78	T	29	4
78	T	30	8
78	T	31	5
78	T	33	8
78	T	34	1
78	T	35	1
78	T	37	2
79	A	12	18
79	A	13	13
79	A	14	38
79	A	15	25
79	A	16	50
79	A	17	20
79	A	18	2
79	A	19	5
79	A	24	1
79	A	25	1
79	A	26	2
79	A	27	18
79	A	28	1
79	A	29	6
79	A	30	6
79	A	31	4
79	A	33	5
79	A	35	1
79	A	37	1
79	A	38	1
79	C	12	17
79	C	13	34
79	C	14	30
79	C	15	30
79	C	16	36
79	C	17	10
79	C	18	5
79	C	24	1
79	C	25	4
79	C	26	1
79	C	27	22
79	C	28	2
79	C	29	4
79	C	30	4
79	C	33	2
79	C	34	1
79	C	37	1
79	C	38	1
79	G	12	52
79	G	13	29
79	G	14	31
79	G	15	16
79	G	16	18
79	G	17	11
79	G	18	4
79	G	24	1
79	G	25	2
79	G	26	2
79	G	27	3
79	G	28	3
79	G	30	4
79	G	33	1
79	G	38	1
79	T	12	11
79	T	13	10
79	T	14	9
79	T	15	20
79	T	16	59
79	T	17	20
79	T	18	4
79	T	19	3
79	T	24	2
79	T	25	2
79	T	26	3
79	T	27	5
79	T	28	3
79	T	29	6
79	T	30	6
79	T	31	3
79	T	33	4
79	T	37	3
80	A	12	12
80	A	13	21
80	A	14	31
80	A	15	30
80	A	16	35
80	A	17	12
80	A	18	2
80	A	19	6
80	A	25	1
80	A	26	3
80	A	27	17
80	A	28	4
80	A	29	5
80	A	30	4
80	A	31	3
80	A	33	5
80	A	34	1
80	A	37	1
80	C	12	34
80	C	13	33
80	C	14	27
80	C	15	26
80	C	16	34
80	C	17	17
80	C	18	4
80	C	19	2
80	C	24	1
80	C	25	3
80	C	26	1
80	C	27	12
80	C	28	3
80	C	29	5
80	C	30	8
80	C	33	3
80	C	37	1
80	G	12	45
80	G	13	23
80	G	14	23
80	G	15	8
80	G	16	15
80	G	17	6
80	G	18	2
80	G	24	1
80	G	26	1
80	G	27	8
80	G	28	2
80	G	29	2
80	G	30	4
80	G	33	1
80	T	12	1
80	T	13	9
80	T	14	12
80	T	15	16
80	T	16	49
80	T	17	30
80	T	18	5
80	T	19	3
80	T	24	3
80	T	25	1
80	T	26	3
80	T	27	11
80	T	28	5
80	T	29	11
80	T	30	6
80	T	31	5
80	T	32	1
80	T	33	12
80	T	34	2
80	T	36	1
80	T	37	2
80	T	38	1
81	A	12	17
81	A	13	20
81	A	14	22
81	A	15	25
81	A	16	39
81	A	17	20
81	A	18	4
81	A	19	1
81	A	24	1
81	A	25	1
81	A	26	1
81	A	27	9
81	A	28	1
81	A	29	5
81	A	30	5
81	A	31	1
81	A	33	2
81	C	12	26
81	C	13	23
81	C	14	28
81	C	15	23
81	C	16	43
81	C	17	11
81	C	18	2
81	C	19	3
81	C	24	2
81	C	25	2
81	C	26	2
81	C	27	17
81	C	28	1
81	C	29	3
81	C	30	4
81	C	31	2
81	C	32	1
81	C	35	1
81	C	37	2
81	G	12	44
81	G	13	25
81	G	14	23
81	G	15	14
81	G	16	27
81	G	17	13
81	G	18	2
81	G	24	4
81	G	25	1
81	G	26	2
81	G	27	14
81	G	28	1
81	G	29	4
81	G	30	5
81	G	31	1
81	G	33	3
81	G	34	2
81	G	37	1
81	T	12	6
81	T	13	9
81	T	14	5
81	T	15	27
81	T	16	28
81	T	17	20
81	T	18	3
81	T	19	3
81	T	26	1
81	T	27	9
81	T	28	3
81	T	29	3
81	T	30	3
81	T	31	9
81	T	33	2
81	T	34	1
81	T	36	1
81	T	37	1
81	T	38	1
82	A	12	12
82	A	13	22
82	A	14	11
82	A	15	15
82	A	16	51
82	A	17	12
82	A	18	2
82	A	19	4
82	A	24	2
82	A	26	2
82	A	27	9
82	A	28	2
82	A	29	2
82	A	30	4
82	A	31	3
82	A	33	5
82	C	12	21
82	C	13	27
82	C	14	24
82	C	15	22
82	C	16	26
82	C	17	15
82	C	18	1
82	C	19	1
82	C	25	2
82	C	26	1
82	C	27	17
82	C	29	2
82	C	30	11
82	C	33	2
82	C	37	2
82	G	12	54
82	G	13	15
82	G	14	26
82	G	15	10
82	G	16	23
82	G	17	7
82	G	24	1
82	G	25	1
82	G	26	2
82	G	27	7
82	G	28	4
82	G	29	1
82	G	30	2
82	G	31	2
82	G	34	1
82	T	12	5
82	T	13	14
82	T	14	9
82	T	15	11
82	T	16	45
82	T	17	21
82	T	18	6
82	T	19	2
82	T	24	2
82	T	25	1
82	T	26	3
82	T	27	13
82	T	28	5
82	T	29	9
82	T	30	8
82	T	31	4
82	T	33	4
82	T	35	2
82	T	37	1
82	T	39	1
83	A	12	10
83	A	13	24
83	A	14	15
83	A	15	17
83	A	16	46
83	A	17	19
83	A	18	4
83	A	19	2
83	A	26	3
83	A	27	17
83	A	28	2
83	A	29	2
83	A	30	5
83	A	31	3
83	A	33	3
83	A	37	2
83	C	12	26
83	C	13	22
83	C	14	28
83	C	15	25
83	C	16	30
83	C	17	10
83	C	18	4
83	C	19	2
83	C	24	1
83	C	25	1
83	C	26	2
83	C	27	11
83	C	29	8
83	C	30	12
83	C	31	3
83	C	32	1
83	C	33	1
83	C	34	2
83	C	37	1
83	G	12	40
83	G	13	22
83	G	14	13
83	G	15	7
83	G	16	22
83	G	17	3
83	G	24	1
83	G	25	2
83	G	26	3
83	G	27	8
83	G	28	1
83	G	30	1
83	G	33	1
83	G	39	1
83	T	12	4
83	T	13	6
83	T	14	9
83	T	15	17
83	T	16	28
83	T	17	14
83	T	18	3
83	T	19	2
83	T	25	2
83	T	26	2
83	T	27	14
83	T	28	1
83	T	29	5
83	T	30	6
83	T	31	6
83	T	33	5
83	T	35	1
83	T	37	3
83	T	38	1
84	A	12	11
84	A	13	18
84	A	14	18
84	A	15	20
84	A	16	26
84	A	17	16
84	A	18	2
84	A	19	3
84	A	24	1
84	A	26	3
84	A	27	11
84	A	28	2
84	A	29	4
84	A	30	5
84	A	31	5
84	A	33	2
84	A	37	1
84	C	12	24
84	C	13	16
84	C	14	24
84	C	15	18
84	C	16	37
84	C	17	10
84	C	18	3
84	C	19	1
84	C	25	4
84	C	26	3
84	C	27	10
84	C	28	1
84	C	29	3
84	C	30	8
84	C	31	2
84	C	37	1
84	C	38	1
84	G	12	44
84	G	13	24
84	G	14	20
84	G	15	9
84	G	16	19
84	G	17	4
84	G	24	1
84	G	25	1
84	G	26	1
84	G	27	9
84	G	29	4
84	G	30	2
84	G	31	1
84	G	33	1
84	G	34	1
84	T	12	5
84	T	13	5
84	T	14	3
84	T	15	11
84	T	16	38
84	T	17	19
84	T	18	5
84	T	19	2
84	T	24	1
84	T	25	1
84	T	26	1
84	T	27	12
84	T	28	1
84	T	29	6
84	T	30	9
84	T	31	4
84	T	33	8
84	T	35	1
84	T	36	1
84	T	37	2
84	T	39	1
85	A	12	14
85	A	13	18
85	A	14	12
85	A	15	13
85	A	16	30
85	A	17	16
85	A	18	2
85	A	24	1
85	A	25	3
85	A	26	1
85	A	27	8
85	A	28	3
85	A	29	4
85	A	30	4
85	A	31	4
85	A	33	5
85	A	37	1
85	C	12	30
85	C	13	24
85	C	14	26
85	C	15	19
85	C	16	26
85	C	17	10
85	C	18	2
85	C	24	3
85	C	25	2
85	C	27	7
85	C	28	2
85	C	29	2
85	C	30	6
85	C	31	1
85	C	32	1
85	C	33	2
85	C	37	2
85	G	12	33
85	G	13	24
85	G	14	25
85	G	15	9
85	G	16	15
85	G	17	2
85	G	24	1
85	G	25	1
85	G	27	5
85	G	28	1
85	G	29	1
85	G	37	1
85	T	12	4
85	T	13	7
85	T	14	11
85	T	15	20
85	T	16	37
85	T	17	27
85	T	18	3
85	T	19	1
85	T	24	1
85	T	25	1
85	T	27	7
85	T	28	2
85	T	29	3
85	T	30	2
85	T	31	3
85	T	33	2
85	T	34	1
85	T	36	1
85	T	38	2
86	A	12	12
86	A	13	16
86	A	14	14
86	A	15	13
86	A	16	23
86	A	17	9
86	A	18	5
86	A	24	2
86	A	25	3
86	A	26	1
86	A	27	13
86	A	28	1
86	A	29	4
86	A	30	3
86	A	31	1
86	A	33	3
86	C	12	16
86	C	13	24
86	C	14	21
86	C	15	22
86	C	16	33
86	C	17	11
86	C	18	1
86	C	24	2
86	C	25	2
86	C	26	3
86	C	27	15
86	C	29	4
86	C	30	3
86	C	31	2
86	C	32	1
86	C	34	1
86	C	37	2
86	G	12	28
86	G	13	21
86	G	14	20
86	G	15	6
86	G	16	7
86	G	17	5
86	G	18	3
86	G	24	2
86	G	25	2
86	G	26	1
86	G	27	7
86	G	28	1
86	G	30	4
86	G	32	1
86	G	33	1
86	G	37	1
86	T	12	8
86	T	13	12
86	T	14	12
86	T	15	18
86	T	16	32
86	T	17	19
86	T	18	2
86	T	19	2
86	T	24	2
86	T	26	2
86	T	27	7
86	T	28	4
86	T	29	3
86	T	30	10
86	T	31	5
86	T	33	3
86	T	35	1
86	T	38	1
86	T	39	1
87	A	12	2
87	A	13	13
87	A	14	19
87	A	15	17
87	A	16	30
87	A	17	11
87	A	18	2
87	A	24	2
87	A	25	3
87	A	26	2
87	A	27	9
87	A	28	1
87	A	29	2
87	A	30	3
87	A	31	1
87	A	33	2
87	A	34	1
87	A	35	1
87	A	37	3
87	A	38	1
87	C	12	23
87	C	13	29
87	C	14	25
87	C	15	18
87	C	16	31
87	C	17	14
87	C	18	2
87	C	19	1
87	C	24	1
87	C	26	2
87	C	27	9
87	C	29	2
87	C	30	8
87	C	31	2
87	C	34	1
87	G	12	32
87	G	13	23
87	G	14	18
87	G	15	12
87	G	16	4
87	G	17	2
87	G	24	1
87	G	25	1
87	G	27	6
87	G	29	1
87	G	31	1
87	G	39	1
87	T	12	6
87	T	13	10
87	T	14	7
87	T	15	17
87	T	16	27
87	T	17	12
87	T	18	3
87	T	19	3
87	T	24	1
87	T	25	1
87	T	26	1
87	T	27	9
87	T	28	3
87	T	29	3
87	T	30	6
87	T	31	3
87	T	33	3
87	T	36	1
87	T	37	3
88	A	12	8
88	A	13	10
88	A	14	13
88	A	15	12
88	A	16	25
88	A	17	12
88	A	18	3
88	A	19	1
88	A	24	1
88	A	25	2
88	A	26	1
88	A	27	7
88	A	28	2
88	A	29	5
88	A	30	3
88	A	33	1
88	A	37	1
88	A	38	1
88	C	12	28
88	C	13	28
88	C	14	28
88	C	15	17
88	C	16	20
88	C	17	11
88	C	18	1
88	C	24	1
88	C	25	4
88	C	26	3
88	C	27	17
88	C	29	3
88	C	30	4
88	C	31	1
88	C	33	4
88	C	34	1
88	C	37	1
88	G	12	22
88	G	13	12
88	G	14	13
88	G	15	11
88	G	16	6
88	G	17	2
88	G	18	1
88	G	19	1
88	G	24	1
88	G	25	1
88	G	26	2
88	G	27	7
88	G	29	3
88	T	12	8
88	T	13	6
88	T	14	11
88	T	15	24
88	T	16	25
88	T	17	18
88	T	18	1
88	T	19	1
88	T	24	1
88	T	25	3
88	T	26	2
88	T	27	5
88	T	28	2
88	T	29	2
88	T	30	4
88	T	31	3
88	T	33	5
88	T	35	2
88	T	37	2
88	T	39	1
89	A	12	6
89	A	13	13
89	A	14	17
89	A	15	15
89	A	16	15
89	A	17	15
89	A	18	3
89	A	25	2
89	A	26	1
89	A	27	8
89	A	28	1
89	A	30	4
89	A	31	2
89	A	33	1
89	C	12	31
89	C	13	25
89	C	14	24
89	C	15	28
89	C	16	25
89	C	17	9
89	C	18	4
89	C	19	1
89	C	25	1
89	C	26	4
89	C	27	18
89	C	29	5
89	C	30	1
89	C	31	1
89	C	35	2
89	C	38	2
89	G	12	23
89	G	13	15
89	G	14	10
89	G	15	7
89	G	16	5
89	G	17	1
89	G	18	1
89	G	24	2
89	G	25	1
89	G	26	1
89	G	27	6
89	G	28	1
89	G	29	1
89	G	31	2
89	T	12	3
89	T	13	10
89	T	14	7
89	T	15	15
89	T	16	19
89	T	17	14
89	T	18	1
89	T	19	2
89	T	26	1
89	T	27	4
89	T	28	5
89	T	29	3
89	T	30	6
89	T	31	5
89	T	33	2
89	T	37	2
89	T	38	2
90	A	12	6
90	A	13	12
90	A	14	12
90	A	15	11
90	A	16	20
90	A	17	15
90	A	18	2
90	A	19	2
90	A	26	1
90	A	27	3
90	A	29	1
90	A	31	2
90	A	34	2
90	A	35	1
90	A	38	1
90	C	12	19
90	C	13	22
90	C	14	16
90	C	15	25
90	C	16	18
90	C	17	8
90	C	18	2
90	C	25	2
90	C	26	2
90	C	27	10
90	C	28	1
90	C	29	3
90	C	30	4
90	C	35	1
90	G	12	36
90	G	13	21
90	G	14	21
90	G	15	5
90	G	16	11
90	G	17	5
90	G	24	2
90	G	25	4
90	G	27	8
90	G	29	1
90	G	30	1
90	G	31	1
90	G	37	2
90	T	12	3
90	T	13	10
90	T	14	8
90	T	15	12
90	T	16	37
90	T	17	7
90	T	18	1
90	T	19	1
90	T	24	1
90	T	25	1
90	T	26	1
90	T	27	4
90	T	28	1
90	T	29	1
90	T	30	4
90	T	31	3
90	T	33	2
90	T	35	1
90	T	36	1
91	A	12	10
91	A	13	8
91	A	14	11
91	A	15	11
91	A	16	17
91	A	17	8
91	A	18	1
91	A	24	1
91	A	25	1
91	A	27	7
91	A	28	2
91	A	29	4
91	A	30	1
91	A	31	1
91	A	33	3
91	A	37	3
91	A	38	1
91	C	12	20
91	C	13	18
91	C	14	25
91	C	15	16
91	C	16	18
91	C	17	8
91	C	18	2
91	C	24	2
91	C	25	2
91	C	27	6
91	C	28	1
91	C	30	6
91	C	31	1
91	C	33	2
91	C	37	1
91	C	38	1
91	G	12	33
91	G	13	24
91	G	14	11
91	G	15	14
91	G	16	7
91	G	17	2
91	G	18	1
91	G	27	4
91	G	29	1
91	G	30	2
91	G	31	1
91	G	34	1
91	T	12	3
91	T	13	9
91	T	14	7
91	T	15	20
91	T	16	25
91	T	17	11
91	T	18	2
91	T	19	1
91	T	24	1
91	T	25	2
91	T	26	1
91	T	27	5
91	T	29	5
91	T	30	4
91	T	31	8
91	T	33	4
91	T	35	1
92	A	12	9
92	A	13	10
92	A	14	10
92	A	15	14
92	A	16	21
92	A	17	7
92	A	18	1
92	A	25	2
92	A	26	2
92	A	27	3
92	A	29	3
92	A	30	2
92	A	33	3
92	A	35	1
92	A	37	1
92	C	12	15
92	C	13	22
92	C	14	22
92	C	15	18
92	C	16	17
92	C	17	7
92	C	18	3
92	C	19	1
92	C	24	2
92	C	25	5
92	C	26	5
92	C	27	7
92	C	28	1
92	C	29	2
92	C	30	2
92	C	31	2
92	C	33	1
92	C	34	1
92	C	35	1
92	G	12	28
92	G	13	14
92	G	14	8
92	G	15	8
92	G	16	10
92	G	17	1
92	G	24	1
92	G	25	3
92	G	26	1
92	G	27	4
92	G	28	1
92	G	30	1
92	T	12	2
92	T	13	5
92	T	14	7
92	T	15	20
92	T	16	17
92	T	17	13
92	T	18	2
92	T	24	1
92	T	26	2
92	T	27	8
92	T	29	3
92	T	30	2
92	T	31	3
92	T	33	3
92	T	37	3
93	A	12	5
93	A	13	4
93	A	14	9
93	A	15	13
93	A	16	13
93	A	17	10
93	A	18	2
93	A	19	1
93	A	25	1
93	A	27	3
93	A	30	1
93	A	31	3
93	A	32	1
93	A	35	1
93	A	38	1
93	C	12	20
93	C	13	20
93	C	14	13
93	C	15	23
93	C	16	27
93	C	17	5
93	C	18	1
93	C	24	1
93	C	25	2
93	C	27	7
93	C	29	1
93	C	31	1
93	C	34	1
93	C	38	2
93	G	12	33
93	G	13	16
93	G	14	10
93	G	15	8
93	G	16	6
93	G	17	4
93	G	24	2
93	G	25	3
93	G	27	4
93	G	29	2
93	G	30	4
93	G	32	1
93	G	33	1
93	T	12	4
93	T	13	6
93	T	14	5
93	T	15	8
93	T	16	23
93	T	17	9
93	T	18	2
93	T	19	1
93	T	24	2
93	T	26	5
93	T	27	6
93	T	28	1
93	T	29	1
93	T	30	5
93	T	31	5
93	T	33	4
94	A	12	9
94	A	13	5
94	A	14	8
94	A	15	12
94	A	16	12
94	A	17	10
94	A	26	3
94	A	27	3
94	A	29	1
94	A	30	4
94	A	33	2
94	A	34	1
94	C	12	19
94	C	13	15
94	C	14	17
94	C	15	14
94	C	16	19
94	C	17	8
94	C	25	2
94	C	27	8
94	C	29	2
94	C	33	1
94	C	34	1
94	G	12	30
94	G	13	10
94	G	14	9
94	G	15	8
94	G	16	7
94	G	17	3
94	G	24	4
94	G	25	3
94	G	26	1
94	G	27	4
94	G	30	1
94	G	31	1
94	T	12	4
94	T	13	7
94	T	14	8
94	T	15	12
94	T	16	30
94	T	17	6
94	T	18	2
94	T	19	2
94	T	25	1
94	T	26	1
94	T	27	5
94	T	28	2
94	T	29	3
94	T	30	2
94	T	31	1
94	T	37	1
95	A	12	7
95	A	13	8
95	A	14	7
95	A	15	8
95	A	16	13
95	A	17	3
95	A	27	4
95	A	29	3
95	A	30	2
95	A	31	1
95	A	33	2
95	A	38	2
95	C	12	23
95	C	13	17
95	C	14	11
95	C	15	13
95	C	16	22
95	C	17	3
95	C	25	4
95	C	26	1
95	C	27	4
95	C	28	1
95	C	31	2
95	C	33	1
95	G	12	22
95	G	13	10
95	G	14	11
95	G	15	6
95	G	16	6
95	G	24	4
95	G	26	1
95	G	27	1
95	G	29	1
95	G	30	1
95	G	33	1
95	T	12	8
95	T	13	4
95	T	14	12
95	T	15	10
95	T	16	16
95	T	17	18
95	T	18	1
95	T	26	1
95	T	27	10
95	T	28	2
95	T	29	3
95	T	30	2
95	T	31	4
95	T	33	3
95	T	37	2
96	A	12	10
96	A	13	6
96	A	14	6
96	A	15	14
96	A	16	13
96	A	17	7
96	A	24	1
96	A	27	5
96	A	29	1
96	A	30	4
96	A	31	3
96	A	33	4
96	A	36	1
96	C	12	21
96	C	13	14
96	C	14	8
96	C	15	14
96	C	16	18
96	C	17	8
96	C	24	3
96	C	26	1
96	C	27	7
96	C	29	3
96	C	30	2
96	C	31	1
96	C	33	1
96	G	12	25
96	G	13	9
96	G	14	5
96	G	15	8
96	G	16	6
96	G	17	1
96	G	24	1
96	G	25	2
96	G	27	3
96	G	31	1
96	T	12	3
96	T	13	6
96	T	14	5
96	T	15	7
96	T	16	18
96	T	17	10
96	T	25	1
96	T	27	3
96	T	30	6
96	T	31	3
96	T	35	1
97	A	12	6
97	A	13	5
97	A	14	4
97	A	15	7
97	A	16	17
97	A	17	6
97	A	27	5
97	A	29	1
97	A	30	1
97	A	35	1
97	C	12	17
97	C	13	5
97	C	14	11
97	C	15	14
97	C	16	16
97	C	17	10
97	C	18	1
97	C	24	1
97	C	25	1
97	C	26	1
97	C	27	8
97	C	28	1
97	C	29	1
97	C	34	1
97	C	35	1
97	C	37	1
97	G	12	29
97	G	13	16
97	G	14	13
97	G	15	1
97	G	16	6
97	G	24	2
97	G	27	2
97	G	29	2
97	G	30	1
97	T	12	9
97	T	13	5
97	T	14	5
97	T	15	8
97	T	16	13
97	T	17	6
97	T	18	1
97	T	24	1
97	T	25	2
97	T	26	2
97	T	27	6
97	T	28	1
97	T	29	2
97	T	30	3
97	T	31	2
97	T	37	1
98	A	12	3
98	A	13	3
98	A	14	1
98	A	15	10
98	A	16	9
98	A	17	4
98	A	26	1
98	A	27	3
98	A	28	3
98	A	29	2
98	A	30	3
98	A	31	1
98	A	33	1
98	A	34	1
98	A	37	1
98	C	12	25
98	C	13	15
98	C	14	9
98	C	15	12
98	C	16	19
98	C	17	3
98	C	26	3
98	C	27	8
98	C	28	1
98	C	29	1
98	C	30	2
98	C	31	3
98	C	37	2
98	G	12	19
98	G	13	13
98	G	14	6
98	G	15	2
98	G	16	3
98	G	24	2
98	G	27	1
98	T	12	4
98	T	13	7
98	T	14	6
98	T	15	8
98	T	16	15
98	T	17	9
98	T	18	2
98	T	24	1
98	T	26	2
98	T	27	7
98	T	28	1
98	T	29	6
98	T	30	2
98	T	31	3
98	T	33	1
98	T	34	1
98	T	35	1
99	A	12	4
99	A	13	3
99	A	14	7
99	A	15	8
99	A	16	15
99	A	17	5
99	A	18	2
99	A	24	2
99	A	25	1
99	A	26	1
99	A	27	1
99	A	29	1
99	A	31	2
99	C	12	14
99	C	13	24
99	C	14	13
99	C	15	17
99	C	16	15
99	C	17	4
99	C	24	4
99	C	25	2
99	C	27	7
99	C	29	2
99	G	12	15
99	G	13	4
99	G	14	7
99	G	15	4
99	G	16	4
99	G	17	2
99	G	26	1
99	G	27	1
99	T	12	4
99	T	13	6
99	T	14	5
99	T	15	11
99	T	16	17
99	T	17	7
99	T	27	5
99	T	29	1
99	T	30	3
99	T	31	1
99	T	37	1
99	T	38	1
100	A	12	5
100	A	13	9
100	A	14	5
100	A	15	6
100	A	16	11
100	A	17	4
100	A	18	1
100	A	25	2
100	A	26	1
100	A	27	2
100	A	29	2
100	A	31	1
100	C	12	12
100	C	13	9
100	C	14	11
100	C	15	11
100	C	16	8
100	C	17	3
100	C	25	2
100	C	27	8
100	C	29	1
100	C	30	1
100	C	31	2
100	C	37	2
100	G	12	21
100	G	13	12
100	G	14	6
100	G	15	4
100	G	16	7
100	G	17	1
100	G	18	1
100	G	27	4
100	G	37	1
100	T	12	3
100	T	13	8
100	T	14	4
100	T	15	8
100	T	16	15
100	T	17	5
100	T	18	1
100	T	24	1
100	T	25	1
100	T	26	1
100	T	27	5
100	T	28	2
100	T	30	1
100	T	31	3
100	T	33	2
100	T	38	1
101	A	12	2
101	A	13	5
101	A	14	7
101	A	15	7
101	A	16	9
101	A	17	5
101	A	26	1
101	A	30	1
101	A	31	1
101	A	33	1
101	C	12	14
101	C	13	17
101	C	14	8
101	C	15	11
101	C	16	8
101	C	17	2
101	C	25	1
101	C	26	1
101	C	27	7
101	C	29	1
101	C	30	4
101	C	31	1
101	C	32	1
101	G	12	16
101	G	13	5
101	G	14	3
101	G	15	5
101	G	16	5
101	G	17	2
101	G	24	1
101	G	26	1
101	G	27	1
101	G	29	1
101	G	37	1
101	T	12	1
101	T	13	9
101	T	14	6
101	T	15	11
101	T	16	15
101	T	17	4
101	T	18	2
101	T	26	3
101	T	27	4
101	T	28	1
101	T	29	3
101	T	30	1
101	T	31	2
101	T	33	1
101	T	38	1
102	A	12	5
102	A	13	6
102	A	14	6
102	A	15	7
102	A	16	11
102	A	17	3
102	A	18	1
102	A	25	1
102	A	26	1
102	A	27	2
102	A	29	1
102	A	31	2
102	C	12	12
102	C	13	9
102	C	14	9
102	C	15	14
102	C	16	13
102	C	17	2
102	C	24	1
102	C	25	1
102	C	26	2
102	C	27	8
102	C	29	2
102	C	30	4
102	C	31	1
102	C	33	1
102	C	34	1
102	G	12	11
102	G	13	10
102	G	14	5
102	G	15	3
102	G	16	4
102	G	31	1
102	G	33	1
102	T	12	4
102	T	13	4
102	T	14	3
102	T	15	6
102	T	16	17
102	T	17	3
102	T	25	1
102	T	26	1
102	T	27	2
102	T	28	1
102	T	29	3
102	T	30	2
102	T	31	1
102	T	33	1
102	T	35	1
103	A	12	2
103	A	13	6
103	A	14	3
103	A	15	7
103	A	16	11
103	A	17	1
103	A	25	2
103	A	26	1
103	A	27	4
103	A	29	1
103	A	30	2
103	A	33	1
103	C	12	11
103	C	13	11
103	C	14	9
103	C	15	9
103	C	16	10
103	C	17	6
103	C	24	1
103	C	26	2
103	C	27	3
103	C	28	1
103	C	30	1
103	C	37	1
103	G	12	12
103	G	13	11
103	G	14	9
103	G	15	2
103	G	16	7
103	G	17	1
103	G	24	2
103	G	26	1
103	G	27	3
103	T	12	3
103	T	13	1
103	T	14	2
103	T	15	8
103	T	16	15
103	T	17	3
103	T	18	2
103	T	24	1
103	T	26	2
103	T	27	2
103	T	28	4
103	T	29	1
103	T	30	1
103	T	31	1
103	T	33	1
103	T	37	1
104	A	12	2
104	A	13	2
104	A	14	6
104	A	15	10
104	A	16	11
104	A	25	2
104	A	27	1
104	A	28	1
104	A	30	2
104	A	31	1
104	A	34	1
104	C	12	14
104	C	13	13
104	C	14	5
104	C	15	9
104	C	16	9
104	C	17	1
104	C	18	1
104	C	25	1
104	C	27	5
104	C	28	1
104	C	29	2
104	C	30	2
104	C	31	1
104	C	32	1
104	C	33	1
104	C	34	3
104	C	35	1
104	G	12	12
104	G	13	12
104	G	14	5
104	G	16	3
104	G	18	1
104	G	24	1
104	G	26	1
104	G	27	1
104	G	30	1
104	T	12	2
104	T	13	3
104	T	14	4
104	T	15	5
104	T	16	14
104	T	17	4
104	T	25	2
104	T	26	1
104	T	27	5
104	T	28	1
104	T	29	2
104	T	30	1
104	T	38	1
105	A	12	3
105	A	13	4
105	A	14	1
105	A	15	8
105	A	16	9
105	A	17	1
105	A	18	2
105	A	25	1
105	A	27	2
105	A	29	1
105	A	30	1
105	A	33	1
105	A	34	1
105	C	12	8
105	C	13	9
105	C	14	6
105	C	15	9
105	C	16	9
105	C	17	2
105	C	24	1
105	C	26	1
105	C	27	8
105	C	28	1
105	C	30	2
105	C	31	1
105	C	34	1
105	C	37	2
105	C	38	1
105	G	12	18
105	G	13	6
105	G	14	2
105	G	15	5
105	G	16	2
105	G	24	1
105	G	25	2
105	G	27	2
105	G	28	1
105	G	31	1
105	G	34	1
105	T	12	3
105	T	13	5
105	T	14	4
105	T	15	7
105	T	16	13
105	T	17	2
105	T	24	1
105	T	26	2
105	T	27	2
105	T	28	2
105	T	30	1
105	T	33	3
106	A	12	1
106	A	13	6
106	A	14	1
106	A	15	11
106	A	16	13
106	A	17	2
106	A	27	1
106	A	28	1
106	A	29	3
106	A	30	1
106	A	31	1
106	A	37	1
106	C	12	18
106	C	13	9
106	C	14	4
106	C	15	13
106	C	16	3
106	C	17	1
106	C	24	1
106	C	25	1
106	C	26	2
106	C	27	5
106	C	30	2
106	C	35	1
106	G	12	7
106	G	13	5
106	G	14	3
106	G	15	2
106	G	17	1
106	G	26	1
106	G	27	1
106	G	37	1
106	T	12	2
106	T	13	5
106	T	14	3
106	T	15	10
106	T	16	8
106	T	17	2
106	T	26	1
106	T	27	4
106	T	29	3
106	T	30	1
106	T	31	2
106	T	33	1
107	A	12	7
107	A	13	3
107	A	14	1
107	A	15	5
107	A	16	7
107	A	25	1
107	A	26	1
107	A	27	1
107	A	29	1
107	C	12	13
107	C	13	10
107	C	14	7
107	C	15	11
107	C	16	8
107	C	17	2
107	C	25	1
107	C	27	4
107	C	30	1
107	C	31	2
107	C	37	1
107	G	12	8
107	G	13	4
107	G	14	2
107	G	15	3
107	G	16	4
107	G	24	2
107	G	25	1
107	G	27	1
107	G	33	1
107	T	12	2
107	T	13	4
107	T	14	2
107	T	15	7
107	T	16	10
107	T	17	3
107	T	18	1
107	T	24	1
107	T	25	1
107	T	27	4
107	T	28	1
107	T	30	2
107	T	31	3
107	T	33	1
107	T	35	1
107	T	37	1
107	T	38	1
108	A	12	4
108	A	13	5
108	A	15	8
108	A	16	14
108	A	17	1
108	A	18	1
108	A	24	1
108	A	25	1
108	A	26	1
108	A	27	1
108	A	29	1
108	A	30	1
108	A	33	1
108	C	12	13
108	C	13	9
108	C	14	7
108	C	15	9
108	C	16	6
108	C	25	2
108	C	26	2
108	C	27	2
108	C	28	2
108	C	30	1
108	G	12	5
108	G	13	5
108	G	14	2
108	G	15	2
108	G	16	3
108	G	27	1
108	G	30	2
108	G	31	1
108	G	33	1
108	T	13	6
108	T	14	3
108	T	15	6
108	T	16	10
108	T	17	5
108	T	24	1
108	T	26	1
108	T	27	1
108	T	28	3
108	T	33	1
109	A	12	1
109	A	13	3
109	A	14	3
109	A	15	5
109	A	16	8
109	A	17	1
109	A	26	2
109	A	27	2
109	A	28	1
109	C	12	7
109	C	13	11
109	C	14	3
109	C	15	9
109	C	16	7
109	C	17	4
109	C	25	1
109	C	26	2
109	C	27	3
109	C	30	1
109	C	31	1
109	C	37	1
109	G	12	8
109	G	13	6
109	G	14	1
109	G	15	3
109	G	16	6
109	G	17	1
109	G	24	1
109	G	29	1
109	T	12	2
109	T	13	1
109	T	14	2
109	T	15	12
109	T	16	9
109	T	18	1
109	T	25	1
109	T	27	4
109	T	28	1
109	T	29	1
109	T	30	2
109	T	31	1
109	T	33	1
110	A	12	2
110	A	13	3
110	A	14	3
110	A	15	5
110	A	16	6
110	A	18	1
110	A	27	2
110	A	30	2
110	C	12	12
110	C	13	11
110	C	14	8
110	C	15	9
110	C	16	5
110	C	17	1
110	C	24	1
110	C	25	1
110	C	26	4
110	C	31	1
110	G	12	3
110	G	13	2
110	G	14	3
110	G	15	6
110	G	16	1
110	G	27	1
110	T	14	5
110	T	15	9
110	T	16	15
110	T	18	1
110	T	25	1
110	T	26	2
110	T	27	2
110	T	30	2
110	T	37	2
111	A	13	3
111	A	14	3
111	A	15	7
111	A	16	8
111	A	18	1
111	A	25	1
111	A	27	3
111	A	28	1
111	A	29	1
111	A	31	1
111	A	33	1
111	C	12	8
111	C	13	5
111	C	14	3
111	C	15	7
111	C	16	7
111	C	17	1
111	C	24	2
111	C	25	2
111	C	27	3
111	C	31	1
111	C	34	1
111	G	12	6
111	G	13	3
111	G	14	3
111	G	15	3
111	G	24	1
111	G	25	1
111	G	26	1
111	G	37	1
111	T	13	1
111	T	14	2
111	T	15	9
111	T	16	8
111	T	17	2
111	T	24	1
111	T	27	1
111	T	28	1
111	T	29	1
111	T	30	2
111	T	33	1
111	T	34	1
112	A	12	2
112	A	13	4
112	A	14	3
112	A	15	8
112	A	16	8
112	A	17	1
112	A	26	2
112	A	27	1
112	C	12	5
112	C	13	4
112	C	14	5
112	C	15	8
112	C	16	4
112	C	18	1
112	C	24	2
112	C	26	1
112	C	27	3
112	C	30	1
112	G	12	4
112	G	13	2
112	G	14	3
112	G	15	1
112	G	16	2
112	G	17	1
112	G	24	2
112	T	12	1
112	T	13	2
112	T	14	6
112	T	15	5
112	T	16	9
112	T	17	1
112	T	28	2
112	T	29	1
112	T	30	1
113	A	12	2
113	A	13	3
113	A	14	2
113	A	15	6
113	A	16	4
113	A	17	5
113	A	25	1
113	A	31	1
113	C	12	2
113	C	13	5
113	C	14	3
113	C	15	5
113	C	16	7
113	C	24	1
113	C	25	2
113	C	26	1
113	C	30	1
113	C	32	1
113	C	37	1
113	G	12	8
113	G	13	3
113	G	14	2
113	G	15	3
113	G	16	1
113	G	27	1
113	G	28	1
113	T	13	2
113	T	14	1
113	T	15	9
113	T	16	7
113	T	24	1
113	T	27	2
113	T	28	2
113	T	29	1
113	T	31	1
113	T	37	2
114	A	12	3
114	A	13	3
114	A	14	2
114	A	15	2
114	A	16	5
114	A	26	1
114	A	27	1
114	A	35	1
114	A	37	1
114	A	38	1
114	C	12	2
114	C	13	10
114	C	14	2
114	C	15	7
114	C	16	5
114	C	17	1
114	C	24	1
114	C	26	1
114	C	27	1
114	C	30	2
114	C	31	1
114	C	37	1
114	G	13	4
114	G	14	4
114	G	15	2
114	G	28	1
114	T	12	1
114	T	13	3
114	T	14	1
114	T	15	11
114	T	16	2
114	T	17	2
114	T	26	2
114	T	27	3
114	T	28	1
114	T	30	2
114	T	31	1
115	A	12	3
115	A	13	2
115	A	14	2
115	A	15	4
115	A	16	4
115	A	24	1
115	A	25	1
115	A	27	3
115	A	30	1
115	C	12	6
115	C	13	4
115	C	14	4
115	C	15	4
115	C	16	6
115	C	17	1
115	C	25	1
115	C	26	1
115	C	27	3
115	G	12	4
115	G	13	5
115	G	15	4
115	G	16	3
115	G	27	1
115	T	13	1
115	T	14	3
115	T	15	6
115	T	16	7
115	T	17	1
115	T	24	1
115	T	27	1
115	T	28	1
115	T	30	1
116	A	12	2
116	A	13	4
116	A	14	2
116	A	15	6
116	A	16	6
116	A	27	2
116	A	28	1
116	A	29	1
116	A	35	1
116	C	12	4
116	C	13	8
116	C	14	4
116	C	15	8
116	C	16	3
116	C	25	2
116	C	26	3
116	G	12	1
116	G	13	2
116	G	14	1
116	G	15	1
116	T	12	2
116	T	13	1
116	T	15	7
116	T	16	8
116	T	17	1
116	T	25	1
116	T	27	3
117	A	12	3
117	A	13	2
117	A	14	2
117	A	15	3
117	A	16	2
117	A	27	1
117	A	29	1
117	A	31	2
117	A	37	1
117	C	12	1
117	C	13	12
117	C	14	6
117	C	15	5
117	C	16	2
117	C	25	1
117	C	26	1
117	C	27	1
117	C	28	1
117	C	29	1
117	G	12	1
117	G	13	2
117	G	15	2
117	G	24	1
117	G	26	1
117	T	12	2
117	T	13	1
117	T	14	2
117	T	15	4
117	T	16	8
117	T	17	1
117	T	27	5
117	T	28	1
117	T	29	1
117	T	31	1
117	T	38	1
118	A	13	3
118	A	14	1
118	A	15	2
118	A	16	3
118	A	25	2
118	A	27	1
118	C	12	4
118	C	13	4
118	C	15	3
118	C	16	6
118	C	17	1
118	C	25	3
118	C	28	1
118	G	12	1
118	G	13	2
118	G	14	1
118	G	15	1
118	G	16	3
118	G	25	1
118	G	31	1
118	G	37	1
118	T	12	2
118	T	15	1
118	T	16	2
118	T	17	1
118	T	26	1
118	T	27	1
118	T	30	1
119	A	13	2
119	A	14	1
119	A	15	1
119	A	16	5
119	A	27	2
119	A	37	1
119	C	12	2
119	C	13	5
119	C	14	1
119	C	15	2
119	C	16	4
119	C	24	1
119	G	12	2
119	G	13	3
119	G	14	1
119	G	16	1
119	G	25	1
119	T	14	1
119	T	16	4
119	T	17	2
119	T	35	1
120	A	13	1
120	A	14	1
120	A	16	3
120	A	17	1
120	A	29	1
120	C	13	4
120	C	14	3
120	C	15	1
120	C	16	2
120	C	25	1
120	C	27	1
120	C	29	1
120	C	31	1
120	G	12	1
120	G	15	1
120	G	25	2
120	G	27	1
120	T	13	2
120	T	14	2
120	T	15	1
120	T	16	4
121	A	15	1
121	A	16	4
121	A	28	1
121	C	13	5
121	C	15	1
121	C	16	2
121	C	24	2
121	C	27	1
121	G	13	2
121	G	14	1
121	G	15	1
121	T	12	1
121	T	13	1
121	T	15	2
121	T	16	3
121	T	17	2
121	T	25	1
121	T	27	1
122	A	16	3
122	A	17	1
122	A	24	1
122	C	12	2
122	C	13	1
122	C	14	1
122	C	15	2
122	C	17	1
122	G	12	2
122	G	13	1
122	G	14	1
122	G	15	1
122	G	16	1
122	T	12	1
122	T	13	1
122	T	27	2
122	T	28	1
123	A	13	1
123	A	16	1
123	C	12	2
123	C	13	1
123	C	14	3
123	C	15	1
123	C	16	2
123	C	27	1
123	C	28	1
123	G	16	1
123	T	15	1
123	T	17	1
123	T	27	1
124	A	12	1
124	A	13	1
124	A	15	1
124	A	16	1
124	A	27	2
124	C	12	1
124	C	13	1
124	C	16	1
124	C	27	1
124	T	15	1
124	T	16	2
125	A	27	1
125	C	12	1
125	C	13	2
125	C	14	1
125	C	16	1
125	G	13	1
125	G	27	1
125	T	15	2
125	T	16	1
125	T	27	1
125	T	29	1
126	A	13	1
126	A	15	1
126	A	16	1
126	A	27	1
126	C	12	3
126	C	13	1
126	C	27	1
126	G	13	1
126	G	15	1
126	T	16	1
127	A	15	1
127	A	16	1
127	A	29	1
127	C	13	2
127	G	12	1
127	T	13	1
127	T	14	1
127	T	15	1
127	T	16	1
127	T	27	1
128	A	38	1
128	C	12	1
128	C	15	2
128	C	25	1
128	G	13	1
128	T	13	1
128	T	14	1
128	T	28	1
129	A	15	1
129	A	16	2
129	C	13	1
129	C	14	1
129	T	13	1
129	T	15	1
129	T	28	1
130	A	15	1
130	A	27	1
130	C	15	1
130	C	24	1
130	G	12	1
130	G	15	1
130	T	15	1
131	C	12	1
131	C	13	2
131	T	28	1
132	C	13	1
132	C	15	1
132	T	12	1
133	C	13	1
