position	quality	count
0	12	13
0	13	5
0	14	274
0	15	540
0	16	112566
0	17	1237
0	18	41223
0	19	7
0	20	45
0	21	8
0	24	6
0	25	3
0	26	11
0	27	13
0	28	3
0	29	117221
0	30	20843
0	31	6276
0	32	609738
0	33	513209
0	34	267628
0	35	20803
0	36	1476
0	37	1128
0	38	1099
0	39	1242
0	40	5
1	12	8
1	13	3
1	14	234
1	15	497
1	16	90350
1	17	1312
1	18	22779
1	19	15
1	20	52
1	21	8
1	24	6
1	25	3
1	26	11
1	27	13
1	28	2
1	29	91120
1	30	21490
1	31	9710
1	32	534402
1	33	581176
1	34	330208
1	35	30454
1	36	2385
1	37	1830
1	38	1420
1	39	1327
1	40	3
2	12	5
2	13	4
2	14	244
2	15	468
2	16	94520
2	17	1298
2	18	24867
2	19	14
2	20	62
2	21	6
2	24	5
2	25	2
2	26	13
2	27	8
2	28	3
2	29	73513
2	30	29773
2	31	15428
2	32	513849
2	33	582899
2	34	339467
2	35	35253
2	36	2987
2	37	2338
2	38	1750
2	39	1445
2	40	6
3	12	7
3	13	2
3	14	189
3	15	441
3	16	91631
3	17	1377
3	18	26097
3	19	18
3	20	66
3	21	7
3	24	4
3	25	4
3	26	10
3	27	11
3	28	3
3	29	64638
3	30	28174
3	31	14268
3	32	490763
3	33	596137
3	34	356623
3	35	38750
3	36	3291
3	37	2675
3	38	2006
3	39	1560
3	40	11
4	12	8
4	14	211
4	15	478
4	16	95166
4	17	1437
4	18	22794
4	19	10
4	20	79
4	21	8
4	24	10
4	25	3
4	26	3
4	27	13
4	28	1
4	29	64607
4	30	30709
4	31	15744
4	32	484874
4	33	590711
4	34	360473
4	35	42102
4	36	3806
4	37	2743
4	38	2122
4	39	1679
4	40	7
5	12	5
5	14	172
5	15	496
5	16	47234
5	17	1416
5	18	49903
5	19	5709
5	20	11876
5	21	9
5	24	7
5	25	1
5	26	5
5	27	13
5	28	1
5	29	9834
5	30	4540
5	31	25587
5	32	36005
5	33	129989
5	34	40944
5	35	97955
5	36	522
5	37	1252364
5	38	2082
5	39	1731
5	40	6
6	12	8
6	13	4
6	14	217
6	15	485
6	16	43587
6	17	1641
6	18	45472
6	19	4370
6	20	10074
6	21	8
6	24	3
6	25	3
6	26	7
6	27	13
6	28	2
6	29	9580
6	30	4120
6	31	24055
6	32	36135
6	33	137611
6	34	40419
6	35	95179
6	36	480
6	37	1262211
6	38	2164
6	39	1677
6	40	10
7	12	10
7	13	2
7	14	200
7	15	542
7	16	43070
7	17	1736
7	18	42622
7	19	4783
7	20	9153
7	21	8
7	24	3
7	25	1
7	26	3
7	27	15
7	28	1
7	29	8644
7	30	3653
7	31	22367
7	32	35939
7	33	121656
7	34	40341
7	35	93585
7	36	531
7	37	1286363
7	38	2365
7	39	1713
7	40	6
8	12	6
8	13	3
8	14	235
8	15	953
8	16	43230
8	17	1921
8	18	44218
8	19	4310
8	20	9218
8	21	8
8	24	4
8	25	3
8	26	3
8	27	11
8	29	8543
8	30	3770
8	31	22169
8	32	35268
8	33	125993
8	34	39496
8	35	89423
8	36	533
8	37	1285323
8	38	2484
8	39	1770
8	40	9
9	12	8
9	13	3
9	14	213
9	15	1015
9	16	44239
9	17	2230
9	18	44259
9	19	4678
9	20	9595
9	21	11
9	24	9
9	25	1
9	26	8
9	27	19
9	28	2
9	29	8597
9	30	3995
9	31	22130
9	32	35003
9	33	123952
9	34	40367
9	35	90370
9	36	605
9	37	1283035
9	38	2583
9	39	1838
9	40	7
10	12	10
10	13	5
10	14	226
10	15	1165
10	16	45010
10	17	2523
10	18	44136
10	19	4769
10	20	10416
10	21	8
10	24	5
10	25	2
10	26	6
10	27	17
10	28	2
10	29	8787
10	30	4075
10	31	22286
10	32	35063
10	33	127722
10	34	40584
10	35	89714
10	36	635
10	37	1274774
10	38	2724
10	39	1873
10	40	8
11	12	6
11	13	2
11	14	226
11	15	1245
11	16	42650
11	17	2904
11	18	42082
11	19	4313
11	20	8814
11	21	10
11	24	2
11	25	2
11	26	6
11	27	16
11	28	2
11	29	8587
11	30	3841
11	31	22440
11	32	34802
11	33	123044
11	34	40442
11	35	90392
11	36	611
11	37	1287858
11	38	2535
11	39	1958
11	40	7
12	12	12
12	13	8
12	14	314
12	15	1395
12	16	41076
12	17	3298
12	18	38910
12	19	4534
12	20	6054
12	21	2123
12	24	8
12	25	2
12	26	7
12	27	18
12	28	4
12	29	68
12	30	1663
12	31	119
12	32	31703
12	33	57385
12	34	22155
12	35	21486
12	36	30771
12	37	173809
12	38	1279954
12	39	2047
12	40	7
13	12	4
13	13	5
13	14	345
13	15	1673
13	16	43336
13	17	3102
13	18	42345
13	19	4183
13	20	6137
13	21	2601
13	24	6
13	25	5
13	26	3
13	27	16
13	29	77
13	30	1746
13	31	131
13	32	32419
13	33	59205
13	34	24738
13	35	22931
13	36	31276
13	37	178868
13	38	1261596
13	39	2142
13	40	9
14	12	3
14	13	3
14	14	364
14	15	1990
14	16	45283
14	17	3428
14	18	44160
14	19	5026
14	20	7204
14	21	3324
14	24	9
14	25	2
14	26	8
14	27	22
14	28	2
14	29	70
14	30	1782
14	31	127
14	32	32645
14	33	61641
14	34	27535
14	35	23166
14	36	30952
14	37	183631
14	38	1242425
14	39	2209
14	40	8
15	12	3
15	13	3
15	14	390
15	15	2277
15	16	43518
15	17	3364
15	18	43033
15	19	4776
15	20	6940
15	21	3042
15	24	8
15	25	2
15	26	6
15	27	10
15	28	1
15	29	77
15	30	1678
15	31	115
15	32	32958
15	33	62277
15	34	27031
15	35	22860
15	36	31025
15	37	182739
15	38	1245676
15	39	2242
15	40	11
16	12	5
16	13	6
16	14	421
16	15	2569
16	16	42193
16	17	3397
16	18	40709
16	19	3940
16	20	5677
16	21	2313
16	24	5
16	25	4
16	26	6
16	27	13
16	28	4
16	29	85
16	30	1697
16	31	124
16	32	32774
16	33	58758
16	34	23104
16	35	22230
16	36	30876
16	37	176343
16	38	1269206
16	39	2275
16	40	9
17	12	5
17	13	8
17	14	477
17	15	3019
17	16	41249
17	17	3755
17	18	40541
17	19	4256
17	20	6087
17	21	2523
17	24	4
17	25	1
17	26	6
17	27	22
17	28	1
17	29	68
17	30	1733
17	31	120
17	32	32602
17	33	58798
17	34	25405
17	35	22585
17	36	31289
17	37	178905
17	38	1262757
17	39	2471
17	40	14
18	12	10
18	13	3
18	14	493
18	15	3593
18	16	40099
18	17	3718
18	18	38408
18	19	4048
18	20	5506
18	21	2114
18	24	1
18	25	3
18	26	3
18	27	22
18	29	95
18	30	1691
18	31	131
18	32	31706
18	33	56465
18	34	23172
18	35	21900
18	36	30708
18	37	174111
18	38	1278391
18	39	2569
18	40	10
19	12	7
19	13	5
19	14	558
19	15	4256
19	16	40147
19	17	3866
19	18	39963
19	19	4117
19	20	5991
19	21	2355
19	24	5
19	26	6
19	27	19
19	28	4
19	29	99
19	30	1713
19	31	150
19	32	32291
19	33	57224
19	34	24259
19	35	22879
19	36	30832
19	37	176954
19	38	1268396
19	39	2668
19	40	11
20	12	4
20	13	4
20	14	546
20	15	5060
20	16	39231
20	17	3864
20	18	40091
20	19	3944
20	20	5671
20	21	2522
20	24	7
20	25	4
20	26	3
20	27	31
20	28	5
20	29	81
20	30	1677
20	31	140
20	32	31539
20	33	58008
20	34	26254
20	35	22481
20	36	30640
20	37	178136
20	38	1265109
20	39	2716
20	40	8
21	12	3
21	13	3
21	14	567
21	15	5940
21	16	38005
21	17	4074
21	18	39974
21	19	4015
21	20	5993
21	21	2587
21	24	7
21	25	2
21	26	5
21	27	16
21	28	8
21	29	116
21	30	1828
21	31	149
21	32	31429
21	33	59089
21	34	26837
21	35	22369
21	36	30237
21	37	179103
21	38	1262310
21	39	2697
21	40	11
22	12	7
22	13	3
22	14	637
22	15	7388
22	16	37694
22	17	4635
22	18	40658
22	19	4729
22	20	6838
22	21	2758
22	24	5
22	25	2
22	26	5
22	27	24
22	28	4
22	29	107
22	30	1867
22	31	143
22	32	31467
22	33	45901
22	34	24791
22	35	41973
22	36	31494
22	37	183489
22	38	271944
22	39	978928
22	40	9
23	12	7
23	13	3
23	14	620
23	15	8744
23	16	35473
23	17	4604
23	18	39642
23	19	4129
23	20	6024
23	21	2380
23	24	6
23	25	3
23	26	3
23	27	20
23	28	4
23	29	110
23	30	1749
23	31	172
23	32	31542
23	33	45233
23	34	23179
23	35	41106
23	36	31886
23	37	180688
23	38	272744
23	39	988105
23	40	16
24	12	10
24	13	4
24	14	650
24	15	10037
24	16	33159
24	17	5134
24	18	36697
24	19	4003
24	20	5686
24	21	2150
24	24	2
24	25	3
24	26	6
24	27	22
24	28	5
24	29	102
24	30	1717
24	31	168
24	32	30257
24	33	42656
24	34	21730
24	35	40269
24	36	30778
24	37	176328
24	38	272334
24	39	1004586
24	40	9
25	12	6
25	13	4
25	14	625
25	15	11374
25	16	31215
25	17	5945
25	18	35782
25	19	6184
25	20	9007
25	21	3291
25	24	1
25	25	4
25	26	7
25	27	21
25	28	5
25	29	104
25	30	1911
25	31	214
25	32	30409
25	33	43029
25	34	23002
25	35	39087
25	36	30943
25	37	176140
25	38	267132
25	39	1001599
25	40	11
26	12	16
26	13	3
26	14	700
26	15	13486
26	16	30817
26	17	6427
26	18	38588
26	19	6513
26	20	9928
26	21	3985
26	24	4
26	25	4
26	26	1
26	27	26
26	28	5
26	29	109
26	30	1901
26	31	210
26	32	32245
26	33	46717
26	34	24793
26	35	41121
26	36	32036
26	37	184440
26	38	269350
26	39	973470
26	40	13
27	12	13
27	13	5
27	14	712
27	15	14159
27	16	28049
27	17	6692
27	18	36179
27	19	6404
27	20	9690
27	21	3798
27	24	7
27	25	3
27	26	2
27	27	21
27	28	4
27	29	113
27	30	1880
27	31	211
27	32	32232
27	33	46058
27	34	24461
27	35	42031
27	36	32098
27	37	185395
27	38	274452
27	39	972582
27	40	21
28	12	8
28	13	4
28	14	764
28	15	14577
28	16	26692
28	17	7058
28	18	34062
28	19	6015
28	20	8800
28	21	3179
28	24	5
28	25	2
28	26	6
28	27	38
28	28	2
28	29	118
28	30	1821
28	31	229
28	32	31448
28	33	43221
28	34	22513
28	35	40265
28	36	31291
28	37	179385
28	38	270540
28	39	995841
28	40	16
29	12	9
29	13	10
29	14	804
29	15	14915
29	16	26805
29	17	7335
29	18	35167
29	19	5232
29	20	8878
29	21	3438
29	24	4
29	25	1
29	26	8
29	27	19
29	28	7
29	29	116
29	30	1715
29	31	224
29	32	30697
29	33	44995
29	34	24942
29	35	40109
29	36	31184
29	37	181288
29	38	274782
29	39	984976
29	40	12
30	12	10
30	13	5
30	14	914
30	15	15360
30	16	27712
30	17	8727
30	18	36105
30	19	6250
30	20	10935
30	21	3943
30	24	4
30	25	1
30	26	2
30	27	33
30	28	1
30	29	141
30	30	1975
30	31	254
30	32	32173
30	33	47299
30	34	26280
30	35	41898
30	36	31920
30	37	188371
30	38	274192
30	39	962095
30	40	9
31	12	9
31	13	5
31	14	1000
31	15	14807
31	16	26296
31	17	8956
31	18	32262
31	19	5389
31	20	9007
31	21	3004
31	24	5
31	25	2
31	26	3
31	27	18
31	28	3
31	29	141
31	30	1855
31	31	267
31	32	31138
31	33	43654
31	34	22885
31	35	40680
31	36	31462
31	37	179939
31	38	272190
31	39	992678
31	40	16
32	12	5
32	13	6
32	14	1066
32	15	14603
32	16	26711
32	17	9699
32	18	32174
32	19	5016
32	20	9308
32	21	3238
32	24	7
32	25	3
32	26	6
32	27	25
32	28	2
32	29	136
32	30	1896
32	31	261
32	32	30447
32	33	45477
32	34	25716
32	35	39863
32	36	31274
32	37	183558
32	38	279522
32	39	977169
32	40	17
33	12	11
33	13	5
33	14	1082
33	15	13503
33	16	24908
33	17	10044
33	18	29537
33	19	4176
33	20	7948
33	21	2771
33	24	7
33	25	4
33	26	3
33	27	29
33	28	4
33	29	148
33	30	1710
33	31	280
33	32	30003
33	33	42318
33	34	22989
33	35	38950
33	36	31010
33	37	178727
33	38	275392
33	39	1002752
33	40	20
34	12	10
34	13	3
34	14	1314
34	15	15640
34	16	28944
34	17	13089
34	18	33081
34	19	5569
34	20	12141
34	21	3877
34	24	10
34	25	2
34	26	12
34	27	29
34	28	6
34	29	145
34	30	1974
34	31	292
34	32	31642
34	33	47151
34	34	25921
34	35	41011
34	36	31639
34	37	184148
34	38	270384
34	39	967439
34	40	15
35	12	12
35	13	6
35	14	1335
35	15	14037
35	16	26688
35	17	13379
35	18	28879
35	19	4295
35	20	10059
35	21	2860
35	24	6
35	25	7
35	26	1
35	27	37
35	28	4
35	29	148
35	30	1958
35	31	294
35	32	31757
35	33	45574
35	34	24179
35	35	40982
35	36	31799
35	37	184169
35	38	275483
35	39	979281
35	40	22
36	12	10
36	13	6
36	14	1448
36	15	13964
36	16	26368
36	17	14973
36	18	26573
36	19	3901
36	20	10084
36	21	2487
36	24	9
36	25	5
36	26	2
36	27	34
36	28	6
36	29	131
36	30	1898
36	31	341
36	32	30659
36	33	44226
36	34	24087
36	35	40106
36	36	32043
36	37	185257
36	38	276060
36	39	982592
36	40	21
37	12	5
37	13	9
37	14	1562
37	15	13666
37	16	26608
37	17	16543
37	18	24469
37	19	3337
37	20	9998
37	21	2495
37	24	7
37	25	1
37	26	11
37	27	38
37	28	8
37	29	157
37	30	1828
37	31	338
37	32	29969
37	33	44423
37	34	25218
37	35	38985
37	36	31291
37	37	183024
37	38	279290
37	39	983917
37	40	19
38	12	6
38	13	3
38	14	1886
38	15	14659
38	16	29338
38	17	20830
38	18	25925
38	19	3542
38	20	12779
38	21	2958
38	24	5
38	25	5
38	26	3
38	27	39
38	28	7
38	29	159
38	30	2040
38	31	361
38	32	32064
38	33	47758
38	34	27018
38	35	41701
38	36	31932
38	37	191546
38	38	275135
38	39	953770
38	40	20
39	12	8
39	13	7
39	14	1957
39	15	13168
39	16	26736
39	17	20420
39	18	19927
39	19	2227
39	20	9721
39	21	1851
39	24	12
39	26	8
39	27	40
39	28	3
39	29	188
39	30	1816
39	31	402
39	32	30719
39	33	43738
39	34	22708
39	35	40311
39	36	31420
39	37	182132
39	38	276166
39	39	991914
39	40	27
40	12	5
40	13	10
40	14	2132
40	15	13059
40	16	27491
40	17	23272
40	18	18417
40	19	1852
40	20	10890
40	21	1805
40	24	5
40	25	3
40	26	10
40	27	44
40	28	10
40	29	195
40	30	1927
40	31	370
40	32	30579
40	33	44409
40	34	25219
40	35	39336
40	36	31475
40	37	185324
40	38	277194
40	39	982239
40	40	18
41	12	7
41	13	5
41	14	2303
41	15	12665
41	16	26658
41	17	24403
41	18	14873
41	19	1187
41	20	9313
41	21	1313
41	24	9
41	25	2
41	26	9
41	27	44
41	28	9
41	29	194
41	30	1821
41	31	377
41	32	29055
41	33	41266
41	34	22685
41	35	37368
41	36	30683
41	37	177639
41	38	273617
41	39	1010106
41	40	23
42	12	10
42	13	8
42	14	2822
42	15	14578
42	16	31507
42	17	33051
42	18	15502
42	19	1230
42	20	15319
42	21	1660
42	24	8
42	25	3
42	26	6
42	27	66
42	28	8
42	29	197
42	30	2279
42	31	448
42	32	31461
42	33	47578
42	34	26451
42	35	41169
42	36	31973
42	37	187988
42	38	269127
42	39	959483
42	40	32
43	12	14
43	13	5
43	14	2835
43	15	12493
43	16	28612
43	17	31654
43	18	10680
43	19	521
43	20	11835
43	21	876
43	24	7
43	25	4
43	26	11
43	27	54
43	28	10
43	29	194
43	30	1819
43	31	454
43	32	31956
43	33	45739
43	34	24182
43	35	41495
43	36	32891
43	37	187795
43	38	278583
43	39	972285
43	40	26
44	12	12
44	13	8
44	14	3218
44	15	12574
44	16	29182
44	17	34913
44	18	8573
44	19	284
44	20	12150
44	21	639
44	24	5
44	25	4
44	26	8
44	27	56
44	28	9
44	29	197
44	30	2023
44	31	479
44	32	31324
44	33	45450
44	34	8450
44	35	38680
44	36	50351
44	37	188745
44	38	275510
44	39	973983
44	40	37
45	12	13
45	13	5
45	14	3581
45	15	12331
45	16	29975
45	17	35953
45	18	6815
45	19	136
45	20	12194
45	21	419
45	24	7
45	25	3
45	26	9
45	27	39
45	28	8
45	29	201
45	30	2002
45	31	465
45	32	29879
45	33	45435
45	34	8114
45	35	37872
45	36	50728
45	37	185884
45	38	279699
45	39	974633
45	40	24
46	12	9
46	13	7
46	14	3802
46	15	11294
46	16	28691
46	17	35505
46	18	5546
46	19	70
46	20	11327
46	21	304
46	24	10
46	25	5
46	26	9
46	27	56
46	28	13
46	29	205
46	30	2003
46	31	500
46	32	29572
46	33	43238
46	34	8039
46	35	37066
46	36	48626
46	37	180674
46	38	274788
46	39	995353
46	40	32
47	12	9
47	13	6
47	14	4286
47	15	11469
47	16	28827
47	17	36141
47	18	5067
47	19	52
47	20	11500
47	21	197
47	24	12
47	25	8
47	26	13
47	27	52
47	28	9
47	29	240
47	30	2018
47	31	515
47	32	28978
47	33	42532
47	34	7964
47	35	36280
47	36	47393
47	37	177502
47	38	269760
47	39	1005529
47	40	38
48	12	7
48	13	6
48	14	4817
48	15	11016
48	16	29603
48	17	37520
48	18	5489
48	19	56
48	20	12895
48	21	162
48	24	7
48	25	8
48	26	9
48	27	62
48	28	6
48	29	231
48	30	2070
48	31	519
48	32	29395
48	33	44834
48	34	8297
48	35	36911
48	36	49943
48	37	182374
48	38	275986
48	39	983787
48	40	43
49	12	8
49	13	11
49	14	5039
49	15	10397
49	16	29047
49	17	36103
49	18	4807
49	19	41
49	20	11671
49	21	107
49	24	8
49	25	5
49	26	9
49	27	82
49	28	12
49	29	274
49	30	2019
49	31	591
49	32	29135
49	33	42837
49	34	8213
49	35	36423
49	36	47642
49	37	178756
49	38	272993
49	39	1000038
49	40	36
50	12	9
50	13	10
50	14	5327
50	15	10029
50	16	29273
50	17	36675
50	18	5270
50	19	38
50	20	13139
50	21	81
50	24	12
50	25	7
50	26	14
50	27	75
50	28	7
50	29	265
50	30	2151
50	31	554
50	32	29408
50	33	45068
50	34	8532
50	35	36891
50	36	52342
50	37	187860
50	38	284915
50	39	968055
50	40	39
51	12	15
51	13	9
51	14	6085
51	15	9786
51	16	30418
51	17	38298
51	18	5923
51	19	29
51	20	14491
51	21	45
51	24	5
51	25	2
51	26	11
51	27	74
51	28	8
51	29	291
51	30	2343
51	31	596
51	32	30210
51	33	47092
51	34	8876
51	35	38090
51	36	53744
51	37	194796
51	38	285223
51	39	948733
51	40	46
52	12	11
52	13	12
52	14	6339
52	15	9501
52	16	29857
52	17	37277
52	18	5918
52	19	33
52	20	14732
52	21	5
52	24	7
52	25	7
52	26	12
52	27	93
52	28	10
52	29	284
52	30	2291
52	31	611
52	32	30414
52	33	47173
52	34	8620
52	35	38934
52	36	53739
52	37	197546
52	38	287708
52	39	944282
52	40	41
53	12	16
53	13	14
53	14	7052
53	15	9678
53	16	31464
53	17	40147
53	18	6771
53	19	27
53	20	17547
53	24	9
53	25	4
53	26	10
53	27	78
53	28	15
53	29	300
53	30	2431
53	31	636
53	32	31506
53	33	50265
53	34	9329
53	35	40809
53	36	55798
53	37	203550
53	38	288553
53	39	918083
53	40	35
54	12	10
54	13	18
54	14	7404
54	15	8982
54	16	31404
54	17	39139
54	18	6672
54	19	30
54	20	16641
54	24	10
54	25	12
54	26	13
54	27	83
54	28	6
54	29	331
54	30	2412
54	31	696
54	32	31982
54	33	50264
54	34	9171
54	35	41348
54	36	55396
54	37	205422
54	38	290221
54	39	916551
54	40	31
55	12	16
55	13	12
55	14	7326
55	15	8413
55	16	30225
55	17	37849
55	18	6360
55	19	41
55	20	15565
55	24	11
55	25	10
55	26	13
55	27	88
55	28	11
55	29	305
55	30	2320
55	31	764
55	32	31767
55	33	49738
55	34	8919
55	35	40972
55	36	55583
55	37	205403
55	38	291640
55	39	921625
55	40	25
56	12	11
56	13	14
56	14	7651
56	15	7925
56	16	29865
56	17	37391
56	18	6207
56	19	37
56	20	15155
56	24	7
56	25	8
56	26	12
56	27	89
56	28	19
56	29	354
56	30	2296
56	31	819
56	32	30820
56	33	48460
56	34	8938
56	35	40058
56	36	55031
56	37	204080
56	38	292031
56	39	927751
56	40	21
57	12	19
57	13	13
57	14	8349
57	15	8651
57	16	32701
57	17	40249
57	18	6473
57	19	709
57	20	17741
57	24	4
57	25	10
57	26	15
57	27	68
57	28	16
57	29	380
57	30	2420
57	31	875
57	32	31795
57	33	51099
57	34	9438
57	35	41350
57	36	57119
57	37	207965
57	38	271907
57	39	883971
57	40	40294
58	12	20
58	13	12
58	14	8312
58	15	8106
58	16	31606
58	17	39070
58	18	6302
58	19	733
58	20	16971
58	24	10
58	25	10
58	26	11
58	27	89
58	28	16
58	29	415
58	30	2386
58	31	910
58	32	32190
58	33	51435
58	34	9224
58	35	42049
58	36	56725
58	37	209016
58	38	274523
58	39	884697
58	40	39095
59	12	24
59	13	17
59	14	8377
59	15	8113
59	16	31921
59	17	38254
59	18	6273
59	19	777
59	20	16937
59	24	12
59	25	13
59	26	14
59	27	106
59	28	15
59	29	453
59	30	2504
59	31	983
59	32	31895
59	33	50819
59	34	9227
59	35	41700
59	36	56847
59	37	209292
59	38	273947
59	39	887278
59	40	37867
60	12	16
60	13	17
60	14	8231
60	15	7905
60	16	30995
60	17	37109
60	18	5818
60	19	786
60	20	15641
60	24	11
60	25	5
60	26	18
60	27	98
60	28	22
60	29	449
60	30	2444
60	31	1060
60	32	31078
60	33	50088
60	34	9042
60	35	40802
60	36	56274
60	37	208009
60	38	274638
60	39	896158
60	40	37555
61	12	23
61	13	21
61	14	9824
61	15	9424
61	16	37786
61	17	45288
61	18	8666
61	19	893
61	20	24930
61	24	13
61	25	14
61	26	23
61	27	120
61	28	10
61	29	547
61	30	2830
61	31	1191
61	32	35581
61	33	57860
61	34	10294
61	35	45692
61	36	61088
61	37	220349
61	38	273734
61	39	832423
61	40	30913
62	12	17
62	13	11
62	14	8526
62	15	8269
62	16	32851
62	17	38474
62	18	6723
62	19	907
62	20	18084
62	24	14
62	25	17
62	26	19
62	27	119
62	28	14
62	29	627
62	30	2620
62	31	1280
62	32	35018
62	33	54384
62	34	9178
62	35	46364
62	36	58369
62	37	220086
62	38	280168
62	39	860226
62	40	30983
63	12	29
63	13	24
63	14	8540
63	15	8301
63	16	32849
63	17	38023
63	18	6256
63	19	936
63	20	17206
63	24	15
63	25	8
63	26	16
63	27	132
63	28	19
63	29	590
63	30	2562
63	31	1388
63	32	33087
63	33	52109
63	34	9271
63	35	43129
63	36	57313
63	37	215084
63	38	276649
63	39	879591
63	40	30416
64	12	21
64	13	17
64	14	8154
64	15	7920
64	16	31833
64	17	35842
64	18	5890
64	19	965
64	20	15816
64	24	15
64	25	16
64	26	18
64	27	134
64	28	23
64	29	617
64	30	2600
64	31	1437
64	32	31365
64	33	50386
64	34	9112
64	35	41377
64	36	56590
64	37	212156
64	38	277272
64	39	895445
64	40	29004
65	12	27
65	13	33
65	14	9584
65	15	9318
65	16	36847
65	17	42295
65	18	8206
65	19	1112
65	20	22871
65	24	12
65	25	8
65	26	28
65	27	158
65	28	23
65	29	685
65	30	2944
65	31	1601
65	32	33755
65	33	57068
65	34	10169
65	35	45251
65	36	60745
65	37	220174
65	38	275454
65	39	847696
65	40	24430
66	12	29
66	13	26
66	14	8578
66	15	8198
66	16	32735
66	17	37053
66	18	6397
66	19	1015
66	20	17231
66	24	14
66	25	16
66	26	17
66	27	149
66	28	25
66	29	752
66	30	2720
66	31	1646
66	32	32947
66	33	53523
66	34	9364
66	35	44723
66	36	58162
66	37	218438
66	38	281523
66	39	874599
66	40	23406
67	12	32
67	13	23
67	14	8794
67	15	8509
67	16	33561
67	17	37185
67	18	6776
67	19	1068
67	20	17786
67	24	18
67	25	11
67	26	19
67	27	121
67	28	31
67	29	798
67	30	2764
67	31	1765
67	32	31777
67	33	52211
67	34	9429
67	35	42232
67	36	57946
67	37	215770
67	38	279127
67	39	883281
67	40	21633
68	12	28
68	13	30
68	14	8543
68	15	8041
68	16	32158
68	17	35312
68	18	6070
68	19	1113
68	20	16068
68	24	17
68	25	10
68	26	26
68	27	164
68	28	23
68	29	798
68	30	2760
68	31	1827
68	32	30444
68	33	51289
68	34	9228
68	35	41386
68	36	58197
68	37	214409
68	38	280210
68	39	895734
68	40	19258
69	12	37
69	13	33
69	14	10294
69	15	10458
69	16	42273
69	17	45894
69	18	11382
69	19	1436
69	20	33107
69	24	24
69	25	11
69	26	25
69	27	188
69	28	28
69	29	958
69	30	3359
69	31	2403
69	32	38723
69	33	64779
69	34	10839
69	35	51383
69	36	65071
69	37	234628
69	38	276627
69	39	787788
69	40	13242
70	12	39
70	13	33
70	14	8941
70	15	8624
70	16	35254
70	17	38219
70	18	7974
70	19	1271
70	20	21278
70	24	18
70	25	14
70	26	33
70	27	174
70	28	27
70	29	1075
70	30	2974
70	31	2576
70	32	37398
70	33	60702
70	34	9869
70	35	53363
70	36	62140
70	37	239003
70	38	291118
70	39	818122
70	40	11543
71	12	51
71	13	28
71	14	8658
71	15	8478
71	16	34165
71	17	36952
71	18	6839
71	19	1251
71	20	18000
71	24	17
71	25	17
71	26	28
71	27	206
71	28	30
71	29	1110
71	30	2931
71	31	2563
71	32	33302
71	33	55315
71	34	9570
71	35	46600
71	36	60104
71	37	228939
71	38	286822
71	39	860076
71	40	10502
72	12	44
72	13	37
72	14	8575
72	15	8333
72	16	33490
72	17	36104
72	18	6593
72	19	1353
72	20	17108
72	24	22
72	25	21
72	26	26
72	27	198
72	28	29
72	29	1085
72	30	3035
72	31	2638
72	32	30643
72	33	53101
72	34	9632
72	35	42958
72	36	58933
72	37	222118
72	38	282106
72	39	885371
72	40	8952
73	12	37
73	13	48
73	14	8556
73	15	8000
73	16	33702
73	17	35872
73	18	6749
73	19	1476
73	20	16627
73	24	27
73	25	15
73	26	32
73	27	184
73	28	39
73	29	1146
73	30	3140
73	31	2806
73	32	29495
73	33	52522
73	34	9670
73	35	41680
73	36	58840
73	37	217205
73	38	282364
73	39	895217
73	40	6944
74	12	28
74	13	46
74	14	8538
74	15	8194
74	16	34293
74	17	36061
74	18	6669
74	19	1566
74	20	16858
74	24	14
74	25	19
74	26	34
74	27	223
74	28	40
74	29	1277
74	30	3139
74	31	2960
74	32	28976
74	33	53016
74	34	9731
74	35	41171
74	36	59386
74	37	216917
74	38	283495
74	39	894355
74	40	5092
75	12	32
75	13	33
75	14	8712
75	15	8647
75	16	35110
75	17	36440
75	18	6850
75	19	1676
75	20	17568
75	24	23
75	25	17
75	26	32
75	27	239
75	28	43
75	29	1381
75	30	3291
75	31	3246
75	32	28977
75	33	53776
75	34	9602
75	35	41540
75	36	59910
75	37	215881
75	38	283386
75	39	891615
75	40	3433
76	12	31
76	13	52
76	14	8685
76	15	8289
76	16	33879
76	17	35341
76	18	6798
76	19	1633
76	20	16853
76	24	29
76	25	21
76	26	31
76	27	209
76	28	38
76	29	1446
76	30	3294
76	31	3481
76	32	28047
76	33	53803
76	34	9509
76	35	41424
76	36	59139
76	37	216772
76	38	286260
76	39	894456
76	40	2248
77	12	47
77	13	40
77	14	8658
77	15	8617
77	16	34817
77	17	36365
77	18	7067
77	19	1779
77	20	17642
77	24	24
77	25	19
77	26	34
77	27	243
77	28	42
77	29	1492
77	30	3538
77	31	3785
77	32	27680
77	33	55019
77	34	9632
77	35	41638
77	36	60331
77	37	217658
77	38	286918
77	39	886635
77	40	1344
78	12	31
78	13	61
78	14	8851
78	15	8564
78	16	35050
78	17	36490
78	18	7259
78	19	1896
78	20	18014
78	24	29
78	25	22
78	26	29
78	27	297
78	28	47
78	29	1700
78	30	3600
78	31	4222
78	32	28135
78	33	54891
78	34	9794
78	35	42376
78	36	60273
78	37	219453
78	38	288914
78	39	879852
78	40	734
79	12	49
79	13	52
79	14	8490
79	15	8179
79	16	33332
79	17	35153
79	18	6655
79	19	1946
79	20	16120
79	24	28
79	25	18
79	26	41
79	27	247
79	28	44
79	29	1800
79	30	3625
79	31	4503
79	32	26850
79	33	54110
79	34	9627
79	35	41679
79	36	58682
79	37	219885
79	38	290312
79	39	889820
79	40	425
80	12	40
80	13	67
80	14	8887
80	15	8392
80	16	34396
80	17	35761
80	18	7125
80	19	2063
80	20	17149
80	24	29
80	25	22
80	26	42
80	27	298
80	28	52
80	29	1915
80	30	3788
80	31	4972
80	32	26032
80	33	54981
80	34	9858
80	35	40845
80	36	59790
80	37	220084
80	38	290917
80	39	883194
80	40	217
81	12	47
81	13	74
81	14	9134
81	15	8903
81	16	36376
81	17	37623
81	18	7928
81	19	2379
81	20	19422
81	24	31
81	25	26
81	26	41
81	27	306
81	28	61
81	29	2119
81	30	3995
81	31	5601
81	32	26678
81	33	57124
81	34	9962
81	35	42396
81	36	61185
81	37	224787
81	38	290418
81	39	862717
81	40	93
82	12	64
82	13	67
82	14	9015
82	15	8676
82	16	35204
82	17	36394
82	18	7470
82	19	2417
82	20	17808
82	24	35
82	25	41
82	26	51
82	27	342
82	28	47
82	29	2296
82	30	4142
82	31	5933
82	32	26241
82	33	56852
82	34	9884
82	35	42953
82	36	60710
82	37	225187
82	38	293744
82	39	864573
82	40	59
83	12	92
83	13	93
83	14	8696
83	15	8014
83	16	32891
83	17	34679
83	18	6855
83	19	2439
83	20	15950
83	24	28
83	25	24
83	26	41
83	27	369
83	28	64
83	29	2483
83	30	4003
83	31	6216
83	32	24556
83	33	54779
83	34	9599
83	35	41319
83	36	59716
83	37	222416
83	38	295665
83	39	879956
83	40	44
84	12	62
84	13	89
84	14	8918
84	15	8302
84	16	33591
84	17	34711
84	18	7236
84	19	2556
84	20	16428
84	24	39
84	25	30
84	26	56
84	27	380
84	28	54
84	29	2592
84	30	4156
84	31	6734
84	32	23274
84	33	55033
84	34	10051
84	35	40538
84	36	60272
84	37	221643
84	38	295211
84	39	878232
84	40	16
85	12	95
85	13	100
85	14	9292
85	15	8814
85	16	36500
85	17	37583
85	18	8393
85	19	3036
85	20	19370
85	24	30
85	25	39
85	26	47
85	27	378
85	28	65
85	29	2719
85	30	4632
85	31	7766
85	32	23784
85	33	58886
85	34	10416
85	35	42384
85	36	62394
85	37	225654
85	38	295947
85	39	850234
85	40	6
86	12	99
86	13	93
86	14	9351
86	15	8721
86	16	35664
86	17	37118
86	18	8159
86	19	3091
86	20	18251
86	24	48
86	25	43
86	26	59
86	27	427
86	28	60
86	29	3046
86	30	4830
86	31	8594
86	32	23324
86	33	59783
86	34	10122
86	35	43774
86	36	62226
86	37	230452
86	38	300761
86	39	840814
86	40	5
87	12	89
87	13	102
87	14	8723
87	15	8145
87	16	33428
87	17	34421
87	18	7260
87	19	2975
87	20	15620
87	24	49
87	25	46
87	26	55
87	27	454
87	28	73
87	29	3204
87	30	4643
87	31	8759
87	32	21178
87	33	56251
87	34	9777
87	35	41420
87	36	60393
87	37	226618
87	38	300128
87	39	866277
87	40	1
88	12	86
88	13	115
88	14	9254
88	15	8685
88	16	35888
88	17	36844
88	18	8637
88	19	3634
88	20	18845
88	24	32
88	25	33
88	26	70
88	27	488
88	28	90
88	29	3267
88	30	4963
88	31	9802
88	32	20852
88	33	58735
88	34	10231
88	35	42025
88	36	61732
88	37	229980
88	38	298538
88	39	845213
88	40	2
89	12	116
89	13	100
89	14	9882
89	15	9090
89	16	38014
89	17	38791
89	18	9358
89	19	4102
89	20	20510
89	24	50
89	25	50
89	26	66
89	27	481
89	28	94
89	29	3501
89	30	5306
89	31	10970
89	32	21015
89	33	62273
89	34	10520
89	35	44006
89	36	63923
89	37	233180
89	38	299105
89	39	822404
90	12	89
90	13	124
90	14	9650
90	15	8882
90	16	36353
90	17	37378
90	18	8573
90	19	4048
90	20	18119
90	24	42
90	25	59
90	26	82
90	27	528
90	28	67
90	29	3932
90	30	5597
90	31	11765
90	32	19545
90	33	61767
90	34	10362
90	35	44196
90	36	62719
90	37	233968
90	38	301858
90	39	828278
91	12	115
91	13	100
91	14	9150
91	15	8446
91	16	34592
91	17	35732
91	18	8054
91	19	4135
91	20	16060
91	24	37
91	25	55
91	26	79
91	27	547
91	28	78
91	29	4140
91	30	5501
91	31	12065
91	32	17763
91	33	60082
91	34	10276
91	35	42379
91	36	62831
91	37	231978
91	38	304838
91	39	839513
91	40	1
92	12	131
92	13	113
92	14	9966
92	15	9135
92	16	37770
92	17	38718
92	18	9633
92	19	5001
92	20	19256
92	24	54
92	25	45
92	26	93
92	27	541
92	28	97
92	29	4275
92	30	6072
92	31	13206
92	32	17459
92	33	63090
92	34	10450
92	35	42972
92	36	64273
92	37	235483
92	38	301003
92	39	817480
93	12	136
93	13	116
93	14	9964
93	15	8975
93	16	37948
93	17	38974
93	18	9636
93	19	5439
93	20	18840
93	24	57
93	25	58
93	26	80
93	27	576
93	28	95
93	29	4574
93	30	6122
93	31	14239
93	32	16355
93	33	63914
93	34	10511
93	35	43119
93	36	64160
93	37	234538
93	38	300931
93	39	816661
94	12	120
94	13	116
94	14	9972
94	15	9195
94	16	37434
94	17	38473
94	18	9442
94	19	5642
94	20	17669
94	24	66
94	25	70
94	26	106
94	27	532
94	28	100
94	29	4889
94	30	6323
94	31	15122
94	32	15194
94	33	63987
94	34	10587
94	35	43315
94	36	63918
94	37	234701
94	38	302078
94	39	817213
94	40	1
95	12	126
95	13	134
95	14	9326
95	15	8284
95	16	33519
95	17	34954
95	18	8081
95	19	5200
95	20	13881
95	24	62
95	25	59
95	26	86
95	27	628
95	28	122
95	29	4971
95	30	6169
95	31	15252
95	32	13045
95	33	61299
95	34	10205
95	35	41484
95	36	62645
95	37	235407
95	38	307614
95	39	835758
96	12	141
96	13	162
96	14	10279
96	15	9146
96	16	37489
96	17	39259
96	18	10108
96	19	6646
96	20	17716
96	24	64
96	25	68
96	26	80
96	27	721
96	28	106
96	29	4888
96	30	6749
96	31	16697
96	32	12758
96	33	64943
96	34	10901
96	35	42161
96	36	64285
96	37	238441
96	38	301329
96	39	810476
97	12	159
97	13	143
97	14	10226
97	15	9135
97	16	37977
97	17	39269
97	18	10306
97	19	7099
97	20	17065
97	24	77
97	25	79
97	26	123
97	27	709
97	28	122
97	29	5274
97	30	6843
97	31	17854
97	32	11871
97	33	65978
97	34	10792
97	35	42729
97	36	64761
97	37	238362
97	38	304110
97	39	804124
98	12	164
98	13	141
98	14	9952
98	15	8878
98	16	36305
98	17	38048
98	18	9569
98	19	6963
98	20	15167
98	24	65
98	25	72
98	26	123
98	27	728
98	28	132
98	29	5534
98	30	6955
98	31	18489
98	32	10463
98	33	66191
98	34	10520
98	35	41075
98	36	64412
98	37	237870
98	38	304736
98	39	813406
99	12	154
99	13	165
99	14	9491
99	15	8327
99	16	34354
99	17	35571
99	18	8742
99	19	6879
99	20	13053
99	24	62
99	25	87
99	26	108
99	27	753
99	28	141
99	29	5642
99	30	6831
99	31	17807
99	32	9231
99	33	63681
99	34	10522
99	35	39325
99	36	63468
99	37	236146
99	38	305377
99	39	830911
100	12	173
100	13	211
100	14	11038
100	15	9599
100	16	40254
100	17	41363
100	18	12197
100	19	9785
100	20	17848
100	24	80
100	25	84
100	26	122
100	27	774
100	28	138
100	29	5852
100	30	7876
100	31	20764
100	32	9384
100	33	71302
100	34	11324
100	35	42571
100	36	67099
100	37	245385
100	38	302164
100	39	775493
101	12	156
101	13	175
101	14	10472
101	15	8981
101	16	37620
101	17	38617
101	18	10752
101	19	9018
101	20	14302
101	24	87
101	25	78
101	26	121
101	27	803
101	28	162
101	29	6031
101	30	7731
101	31	20652
101	32	8285
101	33	69987
101	34	10865
101	35	41482
101	36	65511
101	37	242975
101	38	306490
101	39	793335
101	40	1
102	12	172
102	13	212
102	14	10040
102	15	8777
102	16	36657
102	17	37400
102	18	10348
102	19	9043
102	20	12725
102	24	75
102	25	83
102	26	131
102	27	888
102	28	148
102	29	6127
102	30	7533
102	31	20587
102	32	7328
102	33	67859
102	34	10758
102	35	39670
102	36	64799
102	37	239900
102	38	305161
102	39	808634
102	40	1
103	12	170
103	13	189
103	14	9775
103	15	8518
103	16	34952
103	17	35755
103	18	10025
103	19	9071
103	20	11052
103	24	80
103	25	84
103	26	137
103	27	914
103	28	130
103	29	6023
103	30	7401
103	31	20273
103	32	6282
103	33	66147
103	34	10657
103	35	37898
103	36	64468
103	37	238583
103	38	296351
103	39	830557
103	40	1
104	12	188
104	13	211
104	14	11116
104	15	9401
104	16	39471
104	17	39544
104	18	12705
104	19	12111
104	20	13548
104	24	94
104	25	86
104	26	170
104	27	913
104	28	169
104	29	6153
104	30	8166
104	31	21924
104	32	6352
104	33	70895
104	34	11482
104	35	39870
104	36	67063
104	37	242684
104	38	294338
104	39	794028
104	40	1
105	12	172
105	13	200
105	14	10678
105	15	9144
105	16	37975
105	17	38441
105	18	12138
105	19	11904
105	20	11509
105	24	89
105	25	117
105	26	160
105	27	978
105	28	158
105	29	6457
105	30	8245
105	31	22270
105	32	5838
105	33	72422
105	34	11220
105	35	39152
105	36	65997
105	37	242933
105	38	294808
105	39	800171
105	40	2
106	12	207
106	13	231
106	14	10567
106	15	9052
106	16	37099
106	17	37503
106	18	11820
106	19	11882
106	20	10271
106	24	84
106	25	100
106	26	152
106	27	1096
106	28	163
106	29	6536
106	30	8429
106	31	22377
106	32	5391
106	33	71593
106	34	10774
106	35	38425
106	36	65980
106	37	244124
106	38	297471
106	39	802101
106	40	1
107	12	218
107	13	218
107	14	10184
107	15	8839
107	16	35483
107	17	36430
107	18	11268
107	19	11947
107	20	8803
107	24	107
107	25	129
107	26	179
107	27	1077
107	28	168
107	29	6580
107	30	8224
107	31	21438
107	32	5045
107	33	70273
107	34	10962
107	35	36885
107	36	65488
107	37	242947
107	38	297904
107	39	813036
108	12	237
108	13	240
108	14	11101
108	15	9356
108	16	38427
108	17	39010
108	18	13244
108	19	14493
108	20	9730
108	24	114
108	25	97
108	26	182
108	27	1147
108	28	215
108	29	6555
108	30	8740
108	31	22431
108	32	5082
108	33	74200
108	34	11557
108	35	37569
108	36	66664
108	37	245313
108	38	296244
108	39	789663
109	12	233
109	13	267
109	14	11341
109	15	9451
109	16	39089
109	17	39675
109	18	13830
109	19	15797
109	20	9034
109	24	116
109	25	116
109	26	186
109	27	1223
109	28	215
109	29	7033
109	30	9008
109	31	23157
109	32	4956
109	33	77110
109	34	11343
109	35	37898
109	36	67677
109	37	248502
109	38	295849
109	39	778177
110	12	267
110	13	228
110	14	10708
110	15	8987
110	16	36272
110	17	37204
110	18	12658
110	19	15086
110	20	7004
110	24	108
110	25	126
110	26	214
110	27	1275
110	28	194
110	29	7169
110	30	9111
110	31	22609
110	32	4611
110	33	76432
110	34	11335
110	35	36663
110	36	66748
110	37	250230
110	38	299841
110	39	787499
111	12	247
111	13	275
111	14	10916
111	15	9021
111	16	36668
111	17	37654
111	18	12556
111	19	15247
111	20	6346
111	24	131
111	25	121
111	26	198
111	27	1261
111	28	194
111	29	7222
111	30	9097
111	31	21819
111	32	4590
111	33	75076
111	34	11376
111	35	35627
111	36	67242
111	37	248338
111	38	297211
111	39	793829
111	40	1
112	12	293
112	13	283
112	14	11762
112	15	9637
112	16	39589
112	17	40208
112	18	14919
112	19	18586
112	20	6532
112	24	129
112	25	135
112	26	199
112	27	1316
112	28	232
112	29	6993
112	30	9624
112	31	22592
112	32	4813
112	33	79499
112	34	12049
112	35	36113
112	36	68772
112	37	250991
112	38	293878
112	39	770851
112	40	3
113	12	295
113	13	297
113	14	11785
113	15	9614
113	16	39047
113	17	40006
113	18	14745
113	19	18746
113	20	5568
113	24	132
113	25	141
113	26	232
113	27	1469
113	28	241
113	29	7602
113	30	9453
113	31	22974
113	32	4731
113	33	80589
113	34	11783
113	35	36046
113	36	68052
113	37	252104
113	38	296713
113	39	767711
114	12	270
114	13	316
114	14	11373
114	15	9162
114	16	37240
114	17	38279
114	18	13997
114	19	18366
114	20	4595
114	24	128
114	25	135
114	26	264
114	27	1558
114	28	288
114	29	7777
114	30	9582
114	31	22681
114	32	4686
114	33	81096
114	34	11866
114	35	35017
114	36	68129
114	37	253119
114	38	298271
114	39	772493
114	40	1
115	12	273
115	13	309
115	14	11374
115	15	9539
115	16	37434
115	17	38483
115	18	14014
115	19	19013
115	20	3867
115	24	161
115	25	177
115	26	228
115	27	1596
115	28	254
115	29	7876
115	30	9717
115	31	22186
115	32	4681
115	33	80127
115	34	11598
115	35	34642
115	36	68192
115	37	251928
115	38	296851
115	39	775546
115	40	3
116	12	308
116	13	297
116	14	12378
116	15	9954
116	16	39734
116	17	41019
116	18	15976
116	19	21533
116	20	3757
116	24	131
116	25	179
116	26	250
116	27	1665
116	28	282
116	29	7935
116	30	10315
116	31	22420
116	32	4979
116	33	82337
116	34	12225
116	35	35131
116	36	69569
116	37	254348
116	38	293711
116	39	758163
116	40	1
117	12	324
117	13	319
117	14	11744
117	15	9528
117	16	37804
117	17	38897
117	18	14771
117	19	20131
117	20	2819
117	24	148
117	25	173
117	26	263
117	27	1837
117	28	304
117	29	8060
117	30	10157
117	31	21839
117	32	4640
117	33	82175
117	34	12121
117	35	33952
117	36	68444
117	37	253163
117	38	297677
117	39	767808
118	12	296
118	13	353
118	14	11575
118	15	9533
118	16	36376
118	17	37938
118	18	14250
118	19	19621
118	20	2133
118	24	170
118	25	185
118	26	256
118	27	1918
118	28	261
118	29	8224
118	30	9793
118	31	20718
118	32	4625
118	33	80137
118	34	11761
118	35	33202
118	36	67832
118	37	253174
118	38	297822
118	39	777166
118	40	2
119	12	314
119	13	376
119	14	11597
119	15	9688
119	16	37216
119	17	38828
119	18	14616
119	19	20632
119	20	1826
119	24	169
119	25	194
119	26	277
119	27	1995
119	28	272
119	29	8354
119	30	10205
119	31	20037
119	32	4788
119	33	80266
119	34	12079
119	35	32829
119	36	68729
119	37	252343
119	38	296130
119	39	774823
120	12	361
120	13	376
120	14	13016
120	15	10371
120	16	39737
120	17	41123
120	18	17218
120	19	24534
120	20	1732
120	24	170
120	25	190
120	26	281
120	27	2029
120	28	293
120	29	8636
120	30	11360
120	31	21187
120	32	4987
120	33	85474
120	34	12622
120	35	34700
120	36	70512
120	37	256380
120	38	294305
120	39	744544
120	40	1
121	12	335
121	13	414
121	14	12528
121	15	10206
121	16	38472
121	17	40391
121	18	16398
121	19	23122
121	20	1314
121	24	174
121	25	209
121	26	292
121	27	2226
121	28	316
121	29	9257
121	30	11380
121	31	21183
121	32	4930
121	33	87268
121	34	12265
121	35	34036
121	36	69776
121	37	258774
121	38	296734
121	39	744615
122	12	326
122	13	409
122	14	11962
122	15	9746
122	16	36216
122	17	37587
122	18	14556
122	19	20977
122	20	913
122	24	202
122	25	182
122	26	339
122	27	2404
122	28	320
122	29	9285
122	30	11202
122	31	19828
122	32	4697
122	33	83379
122	34	12100
122	35	33424
122	36	68968
122	37	258254
122	38	300340
122	39	760244
122	40	1
123	12	351
123	13	408
123	14	12581
123	15	10186
123	16	37809
123	17	39427
123	18	15828
123	19	22614
123	20	741
123	24	191
123	25	203
123	26	347
123	27	2454
123	28	363
123	29	9148
123	30	11581
123	31	19200
123	32	4916
123	33	83687
123	34	12533
123	35	33671
123	36	69082
123	37	257575
123	38	296301
123	39	755080
123	40	1
124	12	365
124	13	446
124	14	13000
124	15	10573
124	16	38805
124	17	40066
124	18	16825
124	19	24478
124	20	559
124	24	190
124	25	208
124	26	307
124	27	2701
124	28	340
124	29	9470
124	30	12000
124	31	19208
124	32	5153
124	33	86600
124	34	12784
124	35	34316
124	36	69936
124	37	258786
124	38	296621
124	39	741397
124	40	1
125	12	396
125	13	434
125	14	13190
125	15	10844
125	16	38788
125	17	40978
125	18	17103
125	19	24938
125	20	444
125	24	195
125	25	254
125	26	369
125	27	2713
125	28	393
125	29	9920
125	30	12483
125	31	19161
125	32	5047
125	33	86981
125	34	12729
125	35	34375
125	36	70289
125	37	261245
125	38	295269
125	39	735825
125	40	1
126	12	360
126	13	448
126	14	12923
126	15	10512
126	16	36909
126	17	39516
126	18	15912
126	19	23126
126	20	330
126	24	218
126	25	255
126	26	359
126	27	2959
126	28	430
126	29	10189
126	30	12627
126	31	18130
126	32	4872
126	33	86835
126	34	12795
126	35	34298
126	36	69798
126	37	261675
126	38	298527
126	39	739735
126	40	1116
127	12	380
127	13	446
127	14	13386
127	15	10971
127	16	38927
127	17	40782
127	18	16963
127	19	24512
127	20	243
127	24	189
127	25	237
127	26	452
127	27	3030
127	28	399
127	29	10460
127	30	12787
127	31	17935
127	32	4966
127	33	87491
127	34	13321
127	35	34719
127	36	69793
127	37	261186
127	38	295435
127	39	733356
127	40	1109
128	12	412
128	13	473
128	14	13797
128	15	11453
128	16	39393
128	17	41079
128	18	17616
128	19	26064
128	20	162
128	24	239
128	25	260
128	26	400
128	27	3358
128	28	478
128	29	11137
128	30	13836
128	31	17916
128	32	5006
128	33	90074
128	34	13415
128	35	35246
128	36	70787
128	37	264186
128	38	295490
128	39	719287
128	40	1062
129	12	422
129	13	508
129	14	13585
129	15	11311
129	16	38081
129	17	40505
129	18	16970
129	19	25161
129	20	114
129	24	240
129	25	288
129	26	400
129	27	3490
129	28	428
129	29	11239
129	30	14016
129	31	17246
129	32	5168
129	33	89133
129	34	13376
129	35	35402
129	36	70129
129	37	265584
129	38	297416
129	39	721634
129	40	962
130	12	423
130	13	518
130	14	14067
130	15	11363
130	16	38204
130	17	40701
130	18	17552
130	19	25252
130	20	97
130	24	257
130	25	318
130	26	446
130	27	3696
130	28	468
130	29	11591
130	30	14420
130	31	16664
130	32	5091
130	33	89447
130	34	13540
130	35	35704
130	36	70058
130	37	267483
130	38	296380
130	39	717267
130	40	957
131	12	453
131	13	542
131	14	14134
131	15	11800
131	16	38466
131	17	41804
131	18	18116
131	19	26268
131	20	67
131	24	277
131	25	303
131	26	431
131	27	3929
131	28	464
131	29	11888
131	30	14728
131	31	15944
131	32	5241
131	33	90811
131	34	13674
131	35	36342
131	36	70273
131	37	267989
131	38	295129
131	39	710796
131	40	955
132	12	431
132	13	544
132	14	14959
132	15	12078
132	16	39761
132	17	42798
132	18	18942
132	19	27521
132	20	48
132	24	263
132	25	322
132	26	475
132	27	4206
132	28	543
132	29	12585
132	30	15773
132	31	15906
132	32	5194
132	33	92621
132	34	14067
132	35	37292
132	36	70777
132	37	268972
132	38	293746
132	39	698993
132	40	873
133	12	439
133	13	548
133	14	13905
133	15	11314
133	16	36917
133	17	39533
133	18	16728
133	19	24395
133	20	20
133	24	284
133	25	331
133	26	495
133	27	4551
133	28	561
133	29	12575
133	30	15253
133	31	14592
133	32	5066
133	33	90154
133	34	14059
133	35	36233
133	36	69954
133	37	269938
133	38	299809
133	39	712322
133	40	881
134	12	476
134	13	555
134	14	14683
134	15	12142
134	16	38341
134	17	42225
134	18	18571
134	19	26268
134	20	15
134	24	299
134	25	334
134	26	469
134	27	4642
134	28	540
134	29	12857
134	30	15933
134	31	14011
134	32	5314
134	33	90452
134	34	14234
134	35	37229
134	36	70126
134	37	269304
134	38	293192
134	39	705669
134	40	887
135	12	515
135	13	592
135	14	14941
135	15	12222
135	16	38416
135	17	41983
135	18	17989
135	19	25717
135	20	10
135	24	298
135	25	351
135	26	536
135	27	4919
135	28	569
135	29	13064
135	30	16251
135	31	13323
135	32	5277
135	33	90164
135	34	14586
135	35	37119
135	36	69517
135	37	268270
135	38	295231
135	39	705745
135	40	864
136	12	530
136	13	679
136	14	15592
136	15	12698
136	16	39305
136	17	42887
136	18	18987
136	19	27265
136	20	14
136	24	327
136	25	336
136	26	506
136	27	5078
136	28	580
136	29	13289
136	30	17143
136	31	12813
136	32	5319
136	33	92457
136	34	14774
136	35	38086
136	36	69797
136	37	270284
136	38	293768
136	39	693505
136	40	815
137	12	515
137	13	645
137	14	14082
137	15	11729
137	16	36415
137	17	40057
137	18	16941
137	19	24144
137	20	4
137	24	346
137	25	381
137	26	591
137	27	5429
137	28	605
137	29	13614
137	30	16450
137	31	12096
137	32	5088
137	33	90323
137	34	14893
137	35	37729
137	36	68871
137	37	272566
137	38	298301
137	39	705210
137	40	817
138	12	639
138	13	635
138	14	16648
138	15	13518
138	16	40535
138	17	45273
138	18	21341
138	19	30160
138	20	6
138	24	363
138	25	399
138	26	553
138	27	5796
138	28	633
138	29	14588
138	30	19622
138	31	12437
138	32	5627
138	33	96766
138	34	15387
138	35	41060
138	36	69406
138	37	275883
138	38	293185
138	39	662030
138	40	751
139	12	582
139	13	687
139	14	15733
139	15	13046
139	16	38833
139	17	43091
139	18	19429
139	19	26599
139	20	4
139	24	355
139	25	380
139	26	642
139	27	6269
139	28	655
139	29	15011
139	30	19109
139	31	11463
139	32	5433
139	33	96174
139	34	15342
139	35	40084
139	36	69202
139	37	275760
139	38	295914
139	39	674087
139	40	682
140	12	605
140	13	728
140	14	16242
140	15	13271
140	16	38736
140	17	43579
140	18	19636
140	19	26785
140	20	1
140	24	375
140	25	429
140	26	669
140	27	6457
140	28	705
140	29	15012
140	30	19341
140	31	11032
140	32	5637
140	33	95303
140	34	15828
140	35	40873
140	36	69278
140	37	276958
140	38	295362
140	39	670207
140	40	687
141	12	575
141	13	718
141	14	15298
141	15	12787
141	16	37053
141	17	41362
141	18	17838
141	19	24457
141	24	392
141	25	382
141	26	650
141	27	6629
141	28	725
141	29	14920
141	30	18251
141	31	9986
141	32	5415
141	33	91872
141	34	15905
141	35	40188
141	36	68142
141	37	278519
141	38	297381
141	39	683412
141	40	706
142	12	700
142	13	826
142	14	17829
142	15	14682
142	16	42363
142	17	47459
142	18	23330
142	19	31649
142	24	437
142	25	452
142	26	640
142	27	7183
142	28	747
142	29	15769
142	30	22587
142	31	10783
142	32	5726
142	33	101896
142	34	16435
142	35	43560
142	36	68652
142	37	281305
142	38	289044
142	39	633198
142	40	564
143	12	698
143	13	823
143	14	16368
143	15	13808
143	16	38973
143	17	44572
143	18	20364
143	19	26848
143	24	420
143	25	435
143	26	780
143	27	7713
143	28	825
143	29	16475
143	30	21488
143	31	9900
143	32	5643
143	33	99978
143	34	16578
143	35	42630
143	36	68193
143	37	284293
143	38	296514
143	39	645043
143	40	563
144	12	715
144	13	865
144	14	16420
144	15	13924
144	16	39127
144	17	44212
144	18	19835
144	19	26066
144	24	399
144	25	469
144	26	727
144	27	7794
144	28	805
144	29	15734
144	30	20646
144	31	9225
144	32	5577
144	33	96144
144	34	16604
144	35	43088
144	36	67323
144	37	280908
144	38	293929
144	39	657701
144	40	545
145	12	704
145	13	834
145	14	15538
145	15	13620
145	16	37864
145	17	42038
145	18	18342
145	19	23853
145	24	416
145	25	488
145	26	745
145	27	8023
145	28	837
145	29	15377
145	30	19540
145	31	8470
145	32	5656
145	33	92770
145	34	16901
145	35	42709
145	36	66319
145	37	281889
145	38	297163
145	39	667678
145	40	530
146	12	789
146	13	915
146	14	18403
146	15	15254
146	16	42343
146	17	48728
146	18	23224
146	19	30171
146	24	456
146	25	451
146	26	785
146	27	8778
146	28	882
146	29	16234
146	30	23738
146	31	9020
146	32	5782
146	33	101023
146	34	17461
146	35	45391
146	36	66053
146	37	283495
146	38	288216
146	39	623413
146	40	463
147	12	751
147	13	927
147	14	16999
147	15	14258
147	16	39909
147	17	45456
147	18	20917
147	19	25840
147	24	519
147	25	518
147	26	870
147	27	9150
147	28	922
147	29	16648
147	30	22727
147	31	8765
147	32	5696
147	33	99781
147	34	17726
147	35	45060
147	36	65767
147	37	287235
147	38	294150
147	39	631287
147	40	452
148	12	713
148	13	932
148	14	16420
148	15	14391
148	16	39488
148	17	44117
148	18	19858
148	19	24488
148	24	487
148	25	521
148	26	804
148	27	9292
148	28	916
148	29	16154
148	30	21571
148	31	8263
148	32	5788
148	33	96125
148	34	18067
148	35	45540
148	36	65069
148	37	285127
148	38	294431
148	39	641992
148	40	420
149	12	853
149	13	1275
149	14	32263
149	15	23421
149	16	63851
149	17	86342
149	18	64269
149	19	93127
149	24	527
149	25	525
149	26	783
149	27	13120
149	28	1196
149	29	22717
149	30	55706
149	31	13124
149	32	7936
149	33	165603
149	34	22460
149	35	82222
149	36	70868
149	37	307614
149	38	225943
149	39	293233
149	40	75
